v  0.000000,  0.000000,  0.000000,  0.000000,  0.000000,  1.000000,  0.500000,  0.500000, 
v  0.500000,  0.000000,  0.000000,  0.000000,  0.000000,  1.000000,  1.000000,  0.500000, 
v  0.490393,  0.097545,  0.000000,  0.000000,  0.000000,  1.000000,  0.990393,  0.597545, 
v  0.461940,  0.191342,  0.000000,  0.000000,  0.000000,  1.000000,  0.961940,  0.691342, 
v  0.415735,  0.277785,  0.000000,  0.000000,  0.000000,  1.000000,  0.915735,  0.777785, 
v  0.353553,  0.353553,  0.000000,  0.000000,  0.000000,  1.000000,  0.853553,  0.853553, 
v  0.277785,  0.415735,  0.000000,  0.000000,  0.000000,  1.000000,  0.777785,  0.915735, 
v  0.191342,  0.461940,  0.000000,  0.000000,  0.000000,  1.000000,  0.691342,  0.961940, 
v  0.097545,  0.490393,  0.000000,  0.000000,  0.000000,  1.000000,  0.597545,  0.990393, 
v -0.000000,  0.500000,  0.000000,  0.000000,  0.000000,  1.000000,  0.500000,  1.000000, 
v -0.097545,  0.490393,  0.000000,  0.000000,  0.000000,  1.000000,  0.402455,  0.990393, 
v -0.191342,  0.461940,  0.000000,  0.000000,  0.000000,  1.000000,  0.308658,  0.961940, 
v -0.277785,  0.415735,  0.000000,  0.000000,  0.000000,  1.000000,  0.222215,  0.915735, 
v -0.353553,  0.353553,  0.000000,  0.000000,  0.000000,  1.000000,  0.146447,  0.853553, 
v -0.415735,  0.277785,  0.000000,  0.000000,  0.000000,  1.000000,  0.084265,  0.777785, 
v -0.461940,  0.191342,  0.000000,  0.000000,  0.000000,  1.000000,  0.038060,  0.691342, 
v -0.490393,  0.097545,  0.000000,  0.000000,  0.000000,  1.000000,  0.009607,  0.597545, 
v -0.500000, -0.000000,  0.000000,  0.000000,  0.000000,  1.000000,  0.000000,  0.500000, 
v -0.490393, -0.097545,  0.000000,  0.000000,  0.000000,  1.000000,  0.009607,  0.402455, 
v -0.461940, -0.191342,  0.000000,  0.000000,  0.000000,  1.000000,  0.038060,  0.308658, 
v -0.415735, -0.277785,  0.000000,  0.000000,  0.000000,  1.000000,  0.084265,  0.222215, 
v -0.353553, -0.353553,  0.000000,  0.000000,  0.000000,  1.000000,  0.146447,  0.146447, 
v -0.277785, -0.415735,  0.000000,  0.000000,  0.000000,  1.000000,  0.222215,  0.084265, 
v -0.191342, -0.461940,  0.000000,  0.000000,  0.000000,  1.000000,  0.308658,  0.038060, 
v -0.097545, -0.490393,  0.000000,  0.000000,  0.000000,  1.000000,  0.402455,  0.009607, 
v  0.000000, -0.500000,  0.000000,  0.000000,  0.000000,  1.000000,  0.500000,  0.000000, 
v  0.097545, -0.490393,  0.000000,  0.000000,  0.000000,  1.000000,  0.597545,  0.009607, 
v  0.191342, -0.461940,  0.000000,  0.000000,  0.000000,  1.000000,  0.691342,  0.038060, 
v  0.277785, -0.415735,  0.000000,  0.000000,  0.000000,  1.000000,  0.777785,  0.084265, 
v  0.353554, -0.353553,  0.000000,  0.000000,  0.000000,  1.000000,  0.853554,  0.146447, 
v  0.415735, -0.277785,  0.000000,  0.000000,  0.000000,  1.000000,  0.915735,  0.222215, 
v  0.461940, -0.191342,  0.000000,  0.000000,  0.000000,  1.000000,  0.961940,  0.308658, 
v  0.490393, -0.097545,  0.000000,  0.000000,  0.000000,  1.000000,  0.990393,  0.402455, 


f 0, 1, 2, 
f 0, 2, 3, 
f 0, 3, 4, 
f 0, 4, 5, 
f 0, 5, 6, 
f 0, 6, 7, 
f 0, 7, 8, 
f 0, 8, 9, 
f 0, 9, 10, 
f 0, 10, 11, 
f 0, 11, 12, 
f 0, 12, 13, 
f 0, 13, 14, 
f 0, 14, 15, 
f 0, 15, 16, 
f 0, 16, 17, 
f 0, 17, 18, 
f 0, 18, 19, 
f 0, 19, 20, 
f 0, 20, 21, 
f 0, 21, 22, 
f 0, 22, 23, 
f 0, 23, 24, 
f 0, 24, 25, 
f 0, 25, 26, 
f 0, 26, 27, 
f 0, 27, 28, 
f 0, 28, 29, 
f 0, 29, 30, 
f 0, 30, 31, 
f 0, 31, 32, 
f 0, 32, 1, 
