v  0.000000,  0.000000,  0.000000,  0.000000, -1.000000,  0.000000,  0.500000,  0.500000, 
v  0.500000,  0.000000,  0.000000,  0.000000, -1.000000,  0.000000,  1.000000,  0.500000, 
v  0.490393,  0.000000,  0.097545,  0.000000, -1.000000,  0.000000,  0.990393,  0.597545, 
v  0.461940,  0.000000,  0.191342,  0.000000, -1.000000,  0.000000,  0.961940,  0.691342, 
v  0.415735,  0.000000,  0.277785,  0.000000, -1.000000,  0.000000,  0.915735,  0.777785, 
v  0.353553,  0.000000,  0.353553,  0.000000, -1.000000,  0.000000,  0.853553,  0.853553, 
v  0.277785,  0.000000,  0.415735,  0.000000, -1.000000,  0.000000,  0.777785,  0.915735, 
v  0.191342,  0.000000,  0.461940,  0.000000, -1.000000,  0.000000,  0.691342,  0.961940, 
v  0.097545,  0.000000,  0.490393,  0.000000, -1.000000,  0.000000,  0.597545,  0.990393, 
v -0.000000,  0.000000,  0.500000,  0.000000, -1.000000,  0.000000,  0.500000,  1.000000, 
v -0.097545,  0.000000,  0.490393,  0.000000, -1.000000,  0.000000,  0.402455,  0.990393, 
v -0.191342,  0.000000,  0.461940,  0.000000, -1.000000,  0.000000,  0.308658,  0.961940, 
v -0.277785,  0.000000,  0.415735,  0.000000, -1.000000,  0.000000,  0.222215,  0.915735, 
v -0.353553,  0.000000,  0.353553,  0.000000, -1.000000,  0.000000,  0.146447,  0.853553, 
v -0.415735,  0.000000,  0.277785,  0.000000, -1.000000,  0.000000,  0.084265,  0.777785, 
v -0.461940,  0.000000,  0.191342,  0.000000, -1.000000,  0.000000,  0.038060,  0.691342, 
v -0.490393,  0.000000,  0.097545,  0.000000, -1.000000,  0.000000,  0.009607,  0.597545, 
v -0.500000,  0.000000, -0.000000,  0.000000, -1.000000,  0.000000,  0.000000,  0.500000, 
v -0.490393,  0.000000, -0.097545,  0.000000, -1.000000,  0.000000,  0.009607,  0.402455, 
v -0.461940,  0.000000, -0.191342,  0.000000, -1.000000,  0.000000,  0.038060,  0.308658, 
v -0.415735,  0.000000, -0.277785,  0.000000, -1.000000,  0.000000,  0.084265,  0.222215, 
v -0.353553,  0.000000, -0.353553,  0.000000, -1.000000,  0.000000,  0.146447,  0.146447, 
v -0.277785,  0.000000, -0.415735,  0.000000, -1.000000,  0.000000,  0.222215,  0.084265, 
v -0.191342,  0.000000, -0.461940,  0.000000, -1.000000,  0.000000,  0.308658,  0.038060, 
v -0.097545,  0.000000, -0.490393,  0.000000, -1.000000,  0.000000,  0.402455,  0.009607, 
v  0.000000,  0.000000, -0.500000,  0.000000, -1.000000,  0.000000,  0.500000,  0.000000, 
v  0.097545,  0.000000, -0.490393,  0.000000, -1.000000,  0.000000,  0.597545,  0.009607, 
v  0.191342,  0.000000, -0.461940,  0.000000, -1.000000,  0.000000,  0.691342,  0.038060, 
v  0.277785,  0.000000, -0.415735,  0.000000, -1.000000,  0.000000,  0.777785,  0.084265, 
v  0.353554,  0.000000, -0.353553,  0.000000, -1.000000,  0.000000,  0.853554,  0.146447, 
v  0.415735,  0.000000, -0.277785,  0.000000, -1.000000,  0.000000,  0.915735,  0.222215, 
v  0.461940,  0.000000, -0.191342,  0.000000, -1.000000,  0.000000,  0.961940,  0.308658, 
v  0.490393,  0.000000, -0.097545,  0.000000, -1.000000,  0.000000,  0.990393,  0.402455, 
v  0.000000,  1.000000,  0.000000,  0.000000,  1.000000, -0.000000,  0.500000,  0.500000, 
v  0.500000,  0.000000,  0.000000,  0.894427,  0.447214,  0.000000,  1.000000,  0.500000, 
v  0.490393,  0.000000,  0.097545,  0.877241,  0.447214,  0.174494,  0.990393,  0.597545, 
v  0.461940,  0.000000,  0.191342,  0.826343,  0.447214,  0.342282,  0.961940,  0.691342, 
v  0.415735,  0.000000,  0.277785,  0.743689,  0.447214,  0.496917,  0.915735,  0.777785, 
v  0.353553,  0.000000,  0.353553,  0.632456,  0.447214,  0.632456,  0.853553,  0.853553, 
v  0.277785,  0.000000,  0.415735,  0.496917,  0.447214,  0.743689,  0.777785,  0.915735, 
v  0.191342,  0.000000,  0.461940,  0.342282,  0.447214,  0.826343,  0.691342,  0.961940, 
v  0.097545,  0.000000,  0.490393,  0.174494,  0.447214,  0.877241,  0.597545,  0.990393, 
v -0.000000,  0.000000,  0.500000, -0.000000,  0.447214,  0.894427,  0.500000,  1.000000, 
v -0.097545,  0.000000,  0.490393, -0.174494,  0.447214,  0.877241,  0.402455,  0.990393, 
v -0.191342,  0.000000,  0.461940, -0.342282,  0.447214,  0.826343,  0.308658,  0.961940, 
v -0.277785,  0.000000,  0.415735, -0.496917,  0.447214,  0.743689,  0.222215,  0.915735, 
v -0.353553,  0.000000,  0.353553, -0.632456,  0.447214,  0.632455,  0.146447,  0.853553, 
v -0.415735,  0.000000,  0.277785, -0.743689,  0.447214,  0.496917,  0.084265,  0.777785, 
v -0.461940,  0.000000,  0.191342, -0.826343,  0.447214,  0.342282,  0.038060,  0.691342, 
v -0.490393,  0.000000,  0.097545, -0.877241,  0.447214,  0.174494,  0.009607,  0.597545, 
v -0.500000,  0.000000, -0.000000, -0.894427,  0.447214, -0.000000,  0.000000,  0.500000, 
v -0.490393,  0.000000, -0.097545, -0.877241,  0.447214, -0.174494,  0.009607,  0.402455, 
v -0.461940,  0.000000, -0.191342, -0.826343,  0.447214, -0.342283,  0.038060,  0.308658, 
v -0.415735,  0.000000, -0.277785, -0.743689,  0.447214, -0.496917,  0.084265,  0.222215, 
v -0.353553,  0.000000, -0.353553, -0.632455,  0.447214, -0.632456,  0.146447,  0.146447, 
v -0.277785,  0.000000, -0.415735, -0.496917,  0.447214, -0.743689,  0.222215,  0.084265, 
v -0.191342,  0.000000, -0.461940, -0.342282,  0.447214, -0.826343,  0.308658,  0.038060, 
v -0.097545,  0.000000, -0.490393, -0.174494,  0.447214, -0.877241,  0.402455,  0.009607, 
v  0.000000,  0.000000, -0.500000,  0.000000,  0.447214, -0.894427,  0.500000,  0.000000, 
v  0.097545,  0.000000, -0.490393,  0.174494,  0.447214, -0.877241,  0.597545,  0.009607, 
v  0.191342,  0.000000, -0.461940,  0.342283,  0.447214, -0.826343,  0.691342,  0.038060, 
v  0.277785,  0.000000, -0.415735,  0.496917,  0.447214, -0.743689,  0.777785,  0.084265, 
v  0.353554,  0.000000, -0.353553,  0.632456,  0.447214, -0.632456,  0.853554,  0.146447, 
v  0.415735,  0.000000, -0.277785,  0.743689,  0.447214, -0.496917,  0.915735,  0.222215, 
v  0.461940,  0.000000, -0.191342,  0.826343,  0.447214, -0.342282,  0.961940,  0.308658, 
v  0.490393,  0.000000, -0.097545,  0.877241,  0.447214, -0.174494,  0.990393,  0.402455, 


f 0, 2, 1, 
f 0, 3, 2, 
f 0, 4, 3, 
f 0, 5, 4, 
f 0, 6, 5, 
f 0, 7, 6, 
f 0, 8, 7, 
f 0, 9, 8, 
f 0, 10, 9, 
f 0, 11, 10, 
f 0, 12, 11, 
f 0, 13, 12, 
f 0, 14, 13, 
f 0, 15, 14, 
f 0, 16, 15, 
f 0, 17, 16, 
f 0, 18, 17, 
f 0, 19, 18, 
f 0, 20, 19, 
f 0, 21, 20, 
f 0, 22, 21, 
f 0, 23, 22, 
f 0, 24, 23, 
f 0, 25, 24, 
f 0, 26, 25, 
f 0, 27, 26, 
f 0, 28, 27, 
f 0, 29, 28, 
f 0, 30, 29, 
f 0, 31, 30, 
f 0, 32, 31, 
f 0, 1, 32, 
f 33, 34, 35, 
f 33, 35, 36, 
f 33, 36, 37, 
f 33, 37, 38, 
f 33, 38, 39, 
f 33, 39, 40, 
f 33, 40, 41, 
f 33, 41, 42, 
f 33, 42, 43, 
f 33, 43, 44, 
f 33, 44, 45, 
f 33, 45, 46, 
f 33, 46, 47, 
f 33, 47, 48, 
f 33, 48, 49, 
f 33, 49, 50, 
f 33, 50, 51, 
f 33, 51, 52, 
f 33, 52, 53, 
f 33, 53, 54, 
f 33, 54, 55, 
f 33, 55, 56, 
f 33, 56, 57, 
f 33, 57, 58, 
f 33, 58, 59, 
f 33, 59, 60, 
f 33, 60, 61, 
f 33, 61, 62, 
f 33, 62, 63, 
f 33, 63, 64, 
f 33, 64, 65, 
f 33, 65, 34, 
