v -0.500000, -0.500000, -0.500000,  0.000000,  0.000000, -1.000000,  0.000000,  0.000000, 
v  0.500000, -0.500000, -0.500000,  0.000000,  0.000000, -1.000000,  1.000000,  0.000000, 
v  0.500000,  0.500000, -0.500000,  0.000000,  0.000000, -1.000000,  1.000000,  1.000000, 
v -0.500000,  0.500000, -0.500000,  0.000000,  0.000000, -1.000000,  0.000000,  1.000000, 
v  0.500000, -0.500000,  0.500000,  0.000000,  0.000000,  1.000000,  0.000000,  0.000000, 
v -0.500000, -0.500000,  0.500000,  0.000000,  0.000000,  1.000000,  1.000000,  0.000000, 
v -0.500000,  0.500000,  0.500000,  0.000000,  0.000000,  1.000000,  1.000000,  1.000000, 
v  0.500000,  0.500000,  0.500000,  0.000000,  0.000000,  1.000000,  0.000000,  1.000000, 
v  0.500000, -0.500000, -0.500000,  1.000000,  0.000000,  0.000000,  0.000000,  0.000000, 
v  0.500000, -0.500000,  0.500000,  1.000000,  0.000000,  0.000000,  1.000000,  0.000000, 
v  0.500000,  0.500000,  0.500000,  1.000000,  0.000000,  0.000000,  1.000000,  1.000000, 
v  0.500000,  0.500000, -0.500000,  1.000000,  0.000000,  0.000000,  0.000000,  1.000000, 
v -0.500000, -0.500000,  0.500000, -1.000000,  0.000000,  0.000000,  0.000000,  0.000000, 
v -0.500000, -0.500000, -0.500000, -1.000000,  0.000000,  0.000000,  1.000000,  0.000000, 
v -0.500000,  0.500000, -0.500000, -1.000000,  0.000000,  0.000000,  1.000000,  1.000000, 
v -0.500000,  0.500000,  0.500000, -1.000000,  0.000000,  0.000000,  0.000000,  1.000000, 
v -0.500000,  0.500000, -0.500000,  0.000000,  1.000000,  0.000000,  0.000000,  0.000000, 
v  0.500000,  0.500000, -0.500000,  0.000000,  1.000000,  0.000000,  1.000000,  0.000000, 
v  0.500000,  0.500000,  0.500000,  0.000000,  1.000000,  0.000000,  1.000000,  1.000000, 
v -0.500000,  0.500000,  0.500000,  0.000000,  1.000000,  0.000000,  0.000000,  1.000000, 
v -0.500000, -0.500000,  0.500000,  0.000000, -1.000000,  0.000000,  0.000000,  0.000000, 
v  0.500000, -0.500000,  0.500000,  0.000000, -1.000000,  0.000000,  1.000000,  0.000000, 
v  0.500000, -0.500000, -0.500000,  0.000000, -1.000000,  0.000000,  1.000000,  1.000000, 
v -0.500000, -0.500000, -0.500000,  0.000000, -1.000000,  0.000000,  0.000000,  1.000000, 


f 0, 1, 2, 
f 0, 2, 3, 
f 4, 5, 6, 
f 4, 6, 7, 
f 8, 9, 10, 
f 8, 10, 11, 
f 12, 13, 14, 
f 12, 14, 15, 
f 16, 17, 18, 
f 16, 18, 19, 
f 20, 21, 22, 
f 20, 22, 23, 
