v  1.000000,  0.000000,  0.000000, -0.990438, -0.097550, -0.097550,  0.000000,  0.500000, 
v  0.923880,  0.000000,  0.382683, -0.952539, -0.095802, -0.288950,  0.000000,  0.000000, 
v  0.923880,  0.382683,  0.000000, -0.952539, -0.288950, -0.095802,  0.000000,  0.000000, 
v  0.980785,  0.000000,  0.195090, -0.981471, -0.099274, -0.163890,  0.000000,  0.000000, 
v  0.959683,  0.198757,  0.198757, -0.972877, -0.163571, -0.163571,  0.000000,  0.000000, 
v  0.980785,  0.195090,  0.000000, -0.981471, -0.163890, -0.099274,  0.000000,  0.000000, 
v  0.923880,  0.000000,  0.382683, -0.878195, -0.091823, -0.469405,  0.000000,  0.000000, 
v  0.707107,  0.000000,  0.707107, -0.769819, -0.090779, -0.631774,  0.000000,  0.000000, 
v  0.816497,  0.408248,  0.408248, -0.824918, -0.296638, -0.481162,  0.000000,  0.000000, 
v  0.831470,  0.000000,  0.555570, -0.837794, -0.101980, -0.536377,  0.000000,  0.000000, 
v  0.788675,  0.211325,  0.577350, -0.823024, -0.170649, -0.541767,  0.000000,  0.000000, 
v  0.890320,  0.208847,  0.404615, -0.856780, -0.170860, -0.486555,  0.000000,  0.000000, 
v  0.923880,  0.382683,  0.000000, -0.878195, -0.469405, -0.091823,  0.000000,  0.000000, 
v  0.816497,  0.408248,  0.408248, -0.824918, -0.481162, -0.296638,  0.000000,  0.000000, 
v  0.707107,  0.707107,  0.000000, -0.769819, -0.631774, -0.090780,  0.000000,  0.000000, 
v  0.890320,  0.404615,  0.208847, -0.856780, -0.486555, -0.170860,  0.000000,  0.000000, 
v  0.788675,  0.577350,  0.211325, -0.823023, -0.541767, -0.170649,  0.000000,  0.000000, 
v  0.831470,  0.555570,  0.000000, -0.837794, -0.536377, -0.101980,  0.000000,  0.000000, 
v  0.816497,  0.408248,  0.408248, -0.889316, -0.323355, -0.323355,  0.000000,  0.000000, 
v  0.923880,  0.382683,  0.000000, -0.942694, -0.311816, -0.118736,  0.000000,  0.000000, 
v  0.923880,  0.000000,  0.382683, -0.942694, -0.118736, -0.311816,  0.000000,  0.000000, 
v  0.890320,  0.404615,  0.208847, -0.918265, -0.310360, -0.245900,  0.000000,  0.000000, 
v  0.959683,  0.198757,  0.198757, -0.938964, -0.243256, -0.243256,  0.000000,  0.000000, 
v  0.890320,  0.208847,  0.404615, -0.918265, -0.245900, -0.310360,  0.000000,  0.000000, 
v  0.707107,  0.000000,  0.707107, -0.631774, -0.090779, -0.769819,  0.000000,  0.000000, 
v  0.382683,  0.000000,  0.923880, -0.469405, -0.091823, -0.878195,  0.000000,  0.000000, 
v  0.408248,  0.408248,  0.816497, -0.481162, -0.296638, -0.824918,  0.000000,  0.000000, 
v  0.555570,  0.000000,  0.831470, -0.536377, -0.101980, -0.837794,  0.000000,  0.000000, 
v  0.404615,  0.208847,  0.890320, -0.486555, -0.170860, -0.856780,  0.000000,  0.000000, 
v  0.577350,  0.211325,  0.788675, -0.541767, -0.170649, -0.823024,  0.000000,  0.000000, 
v  0.382683,  0.000000,  0.923880, -0.288950, -0.095802, -0.952539,  0.000000,  0.000000, 
v  0.000000,  0.000000,  1.000000, -0.097550, -0.097550, -0.990438,  0.250000,  0.500000, 
v  0.000000,  0.382683,  0.923880, -0.095802, -0.288950, -0.952539,  0.000000,  0.000000, 
v  0.195090,  0.000000,  0.980785, -0.163890, -0.099274, -0.981471,  0.000000,  0.000000, 
v  0.000000,  0.195090,  0.980785, -0.099274, -0.163890, -0.981471,  0.000000,  0.000000, 
v  0.198757,  0.198757,  0.959683, -0.163571, -0.163571, -0.972877,  0.000000,  0.000000, 
v  0.408248,  0.408248,  0.816497, -0.296638, -0.481162, -0.824918,  0.000000,  0.000000, 
v  0.000000,  0.382683,  0.923880, -0.091823, -0.469405, -0.878196,  0.000000,  0.000000, 
v  0.000000,  0.707107,  0.707107, -0.090779, -0.631774, -0.769819,  0.000000,  0.000000, 
v  0.208847,  0.404615,  0.890320, -0.170860, -0.486555, -0.856780,  0.000000,  0.000000, 
v  0.000000,  0.555570,  0.831470, -0.101980, -0.536377, -0.837794,  0.000000,  0.000000, 
v  0.211325,  0.577350,  0.788675, -0.170649, -0.541767, -0.823024,  0.000000,  0.000000, 
v  0.000000,  0.382683,  0.923880, -0.118736, -0.311817, -0.942694,  0.000000,  0.000000, 
v  0.408248,  0.408248,  0.816497, -0.323355, -0.323355, -0.889316,  0.000000,  0.000000, 
v  0.382683,  0.000000,  0.923880, -0.311817, -0.118736, -0.942694,  0.000000,  0.000000, 
v  0.208847,  0.404615,  0.890320, -0.245900, -0.310360, -0.918264,  0.000000,  0.000000, 
v  0.404615,  0.208847,  0.890320, -0.310360, -0.245900, -0.918264,  0.000000,  0.000000, 
v  0.198757,  0.198757,  0.959683, -0.243257, -0.243257, -0.938963,  0.000000,  0.000000, 
v  0.707107,  0.707107,  0.000000, -0.631774, -0.769819, -0.090780,  0.000000,  0.000000, 
v  0.408248,  0.816497,  0.408248, -0.481162, -0.824918, -0.296638,  0.000000,  0.000000, 
v  0.382683,  0.923880,  0.000000, -0.469405, -0.878195, -0.091823,  0.000000,  0.000000, 
v  0.577350,  0.788675,  0.211325, -0.541767, -0.823023, -0.170649,  0.000000,  0.000000, 
v  0.404615,  0.890320,  0.208847, -0.486555, -0.856780, -0.170860,  0.000000,  0.000000, 
v  0.555570,  0.831470,  0.000000, -0.536377, -0.837794, -0.101980,  0.000000,  0.000000, 
v  0.408248,  0.816497,  0.408248, -0.296638, -0.824918, -0.481162,  0.000000,  0.000000, 
v  0.000000,  0.707107,  0.707107, -0.090779, -0.769819, -0.631774,  0.000000,  0.000000, 
v  0.000000,  0.923880,  0.382683, -0.091823, -0.878196, -0.469405,  0.000000,  0.000000, 
v  0.211325,  0.788675,  0.577350, -0.170649, -0.823024, -0.541767,  0.000000,  0.000000, 
v  0.000000,  0.831470,  0.555570, -0.101980, -0.837794, -0.536377,  0.000000,  0.000000, 
v  0.208847,  0.890320,  0.404615, -0.170860, -0.856780, -0.486555,  0.000000,  0.000000, 
v  0.382683,  0.923880,  0.000000, -0.288950, -0.952539, -0.095802,  0.000000,  0.000000, 
v  0.000000,  0.923880,  0.382683, -0.095802, -0.952539, -0.288950,  0.000000,  0.000000, 
v  0.000000,  1.000000,  0.000000, -0.097550, -0.990438, -0.097550,  0.000000,  1.000000, 
v  0.198757,  0.959683,  0.198757, -0.163571, -0.972877, -0.163571,  0.000000,  0.000000, 
v  0.000000,  0.980785,  0.195090, -0.099274, -0.981471, -0.163890,  0.000000,  0.000000, 
v  0.195090,  0.980785,  0.000000, -0.163890, -0.981471, -0.099274,  0.000000,  0.000000, 
v  0.000000,  0.923880,  0.382683, -0.118736, -0.942694, -0.311816,  0.000000,  0.000000, 
v  0.382683,  0.923880,  0.000000, -0.311816, -0.942694, -0.118736,  0.000000,  0.000000, 
v  0.408248,  0.816497,  0.408248, -0.323355, -0.889316, -0.323355,  0.000000,  0.000000, 
v  0.198757,  0.959683,  0.198757, -0.243256, -0.938964, -0.243256,  0.000000,  0.000000, 
v  0.404615,  0.890320,  0.208847, -0.310360, -0.918265, -0.245900,  0.000000,  0.000000, 
v  0.208847,  0.890320,  0.404615, -0.245900, -0.918265, -0.310360,  0.000000,  0.000000, 
v  0.000000,  0.707107,  0.707107, -0.159184, -0.698090, -0.698090,  0.000000,  0.000000, 
v  0.408248,  0.816497,  0.408248, -0.363780, -0.753522, -0.547603,  0.000000,  0.000000, 
v  0.408248,  0.408248,  0.816497, -0.363780, -0.547603, -0.753522,  0.000000,  0.000000, 
v  0.211325,  0.788675,  0.577350, -0.267886, -0.714628, -0.646177,  0.000000,  0.000000, 
v  0.426401,  0.639602,  0.639602, -0.336035, -0.665988, -0.665988,  0.000000,  0.000000, 
v  0.211325,  0.577350,  0.788675, -0.267886, -0.646177, -0.714628,  0.000000,  0.000000, 
v  0.408248,  0.816497,  0.408248, -0.547603, -0.753522, -0.363779,  0.000000,  0.000000, 
v  0.707107,  0.707107,  0.000000, -0.698090, -0.698090, -0.159185,  0.000000,  0.000000, 
v  0.816497,  0.408248,  0.408248, -0.753522, -0.547603, -0.363779,  0.000000,  0.000000, 
v  0.577350,  0.788675,  0.211325, -0.646177, -0.714628, -0.267886,  0.000000,  0.000000, 
v  0.788675,  0.577350,  0.211325, -0.714628, -0.646177, -0.267886,  0.000000,  0.000000, 
v  0.639602,  0.639602,  0.426401, -0.665988, -0.665988, -0.336035,  0.000000,  0.000000, 
v  0.408248,  0.408248,  0.816497, -0.547603, -0.363780, -0.753522,  0.000000,  0.000000, 
v  0.816497,  0.408248,  0.408248, -0.753522, -0.363780, -0.547603,  0.000000,  0.000000, 
v  0.707107,  0.000000,  0.707107, -0.698090, -0.159185, -0.698090,  0.000000,  0.000000, 
v  0.639602,  0.426401,  0.639602, -0.665988, -0.336035, -0.665988,  0.000000,  0.000000, 
v  0.788675,  0.211325,  0.577350, -0.714628, -0.267886, -0.646177,  0.000000,  0.000000, 
v  0.577350,  0.211325,  0.788675, -0.646177, -0.267886, -0.714628,  0.000000,  0.000000, 
v  0.816497,  0.408248,  0.408248, -0.706173, -0.500660, -0.500660,  0.000000,  0.000000, 
v  0.408248,  0.408248,  0.816497, -0.500660, -0.500660, -0.706173,  0.000000,  0.000000, 
v  0.408248,  0.816497,  0.408248, -0.500660, -0.706173, -0.500660,  0.000000,  0.000000, 
v  0.639602,  0.426401,  0.639602, -0.599132, -0.531114, -0.599132,  0.000000,  0.000000, 
v  0.426401,  0.639602,  0.639602, -0.531114, -0.599132, -0.599132,  0.000000,  0.000000, 
v  0.639602,  0.639602,  0.426401, -0.599132, -0.599132, -0.531114,  0.000000,  0.000000, 
v  0.000000,  0.000000,  1.000000,  0.097550, -0.097550, -0.990438,  0.250000,  0.500000, 
v -0.382683,  0.000000,  0.923880,  0.288950, -0.095802, -0.952539,  0.000000,  0.000000, 
v  0.000000,  0.382683,  0.923880,  0.095802, -0.288950, -0.952539,  0.000000,  0.000000, 
v -0.195090,  0.000000,  0.980785,  0.163890, -0.099274, -0.981471,  0.000000,  0.000000, 
v -0.198757,  0.198757,  0.959683,  0.163571, -0.163571, -0.972877,  0.000000,  0.000000, 
v  0.000000,  0.195090,  0.980785,  0.099274, -0.163890, -0.981471,  0.000000,  0.000000, 
v -0.382683,  0.000000,  0.923880,  0.469405, -0.091823, -0.878195,  0.000000,  0.000000, 
v -0.707107,  0.000000,  0.707107,  0.631774, -0.090779, -0.769819,  0.000000,  0.000000, 
v -0.408248,  0.408248,  0.816497,  0.481162, -0.296638, -0.824918,  0.000000,  0.000000, 
v -0.555570,  0.000000,  0.831470,  0.536377, -0.101980, -0.837794,  0.000000,  0.000000, 
v -0.577350,  0.211325,  0.788675,  0.541767, -0.170649, -0.823024,  0.000000,  0.000000, 
v -0.404615,  0.208847,  0.890320,  0.486555, -0.170860, -0.856780,  0.000000,  0.000000, 
v  0.000000,  0.382683,  0.923880,  0.091823, -0.469405, -0.878195,  0.000000,  0.000000, 
v -0.408248,  0.408248,  0.816497,  0.296638, -0.481162, -0.824918,  0.000000,  0.000000, 
v  0.000000,  0.707107,  0.707107,  0.090779, -0.631774, -0.769819,  0.000000,  0.000000, 
v -0.208847,  0.404615,  0.890320,  0.170860, -0.486555, -0.856780,  0.000000,  0.000000, 
v -0.211325,  0.577350,  0.788675,  0.170649, -0.541767, -0.823024,  0.000000,  0.000000, 
v  0.000000,  0.555570,  0.831470,  0.101980, -0.536377, -0.837794,  0.000000,  0.000000, 
v -0.408248,  0.408248,  0.816497,  0.323355, -0.323355, -0.889316,  0.000000,  0.000000, 
v  0.000000,  0.382683,  0.923880,  0.118736, -0.311817, -0.942694,  0.000000,  0.000000, 
v -0.382683,  0.000000,  0.923880,  0.311817, -0.118736, -0.942694,  0.000000,  0.000000, 
v -0.208847,  0.404615,  0.890320,  0.245900, -0.310360, -0.918264,  0.000000,  0.000000, 
v -0.198757,  0.198757,  0.959683,  0.243257, -0.243257, -0.938963,  0.000000,  0.000000, 
v -0.404615,  0.208847,  0.890320,  0.310360, -0.245900, -0.918264,  0.000000,  0.000000, 
v -0.707107,  0.000000,  0.707107,  0.769819, -0.090779, -0.631774,  0.000000,  0.000000, 
v -0.923880,  0.000000,  0.382683,  0.878195, -0.091823, -0.469405,  0.000000,  0.000000, 
v -0.816497,  0.408248,  0.408248,  0.824918, -0.296638, -0.481162,  0.000000,  0.000000, 
v -0.831470,  0.000000,  0.555570,  0.837794, -0.101980, -0.536377,  0.000000,  0.000000, 
v -0.890320,  0.208847,  0.404615,  0.856780, -0.170860, -0.486555,  0.000000,  0.000000, 
v -0.788675,  0.211325,  0.577350,  0.823024, -0.170649, -0.541767,  0.000000,  0.000000, 
v -0.923880,  0.000000,  0.382683,  0.952539, -0.095802, -0.288950,  0.000000,  0.000000, 
v -1.000000,  0.000000,  0.000000,  0.990438, -0.097550, -0.097550,  0.500000,  0.500000, 
v -0.923880,  0.382683,  0.000000,  0.952539, -0.288950, -0.095802,  0.000000,  0.000000, 
v -0.980785,  0.000000,  0.195090,  0.981471, -0.099274, -0.163890,  0.000000,  0.000000, 
v -0.980785,  0.195090,  0.000000,  0.981471, -0.163890, -0.099274,  0.000000,  0.000000, 
v -0.959683,  0.198757,  0.198757,  0.972877, -0.163571, -0.163571,  0.000000,  0.000000, 
v -0.816497,  0.408248,  0.408248,  0.824918, -0.481162, -0.296638,  0.000000,  0.000000, 
v -0.923880,  0.382683,  0.000000,  0.878196, -0.469405, -0.091823,  0.000000,  0.000000, 
v -0.707107,  0.707107,  0.000000,  0.769819, -0.631774, -0.090780,  0.000000,  0.000000, 
v -0.890320,  0.404615,  0.208847,  0.856780, -0.486555, -0.170860,  0.000000,  0.000000, 
v -0.831470,  0.555570,  0.000000,  0.837794, -0.536377, -0.101980,  0.000000,  0.000000, 
v -0.788675,  0.577350,  0.211325,  0.823024, -0.541767, -0.170649,  0.000000,  0.000000, 
v -0.923880,  0.382683,  0.000000,  0.942694, -0.311816, -0.118736,  0.000000,  0.000000, 
v -0.816497,  0.408248,  0.408248,  0.889316, -0.323355, -0.323355,  0.000000,  0.000000, 
v -0.923880,  0.000000,  0.382683,  0.942694, -0.118736, -0.311816,  0.000000,  0.000000, 
v -0.890320,  0.404615,  0.208847,  0.918265, -0.310360, -0.245900,  0.000000,  0.000000, 
v -0.890320,  0.208847,  0.404615,  0.918265, -0.245900, -0.310360,  0.000000,  0.000000, 
v -0.959683,  0.198757,  0.198757,  0.938964, -0.243256, -0.243256,  0.000000,  0.000000, 
v  0.000000,  0.707107,  0.707107,  0.090779, -0.769819, -0.631774,  0.000000,  0.000000, 
v -0.408248,  0.816497,  0.408248,  0.296638, -0.824918, -0.481162,  0.000000,  0.000000, 
v  0.000000,  0.923880,  0.382683,  0.091823, -0.878195, -0.469405,  0.000000,  0.000000, 
v -0.211325,  0.788675,  0.577350,  0.170649, -0.823024, -0.541767,  0.000000,  0.000000, 
v -0.208847,  0.890320,  0.404615,  0.170860, -0.856780, -0.486555,  0.000000,  0.000000, 
v  0.000000,  0.831470,  0.555570,  0.101980, -0.837794, -0.536377,  0.000000,  0.000000, 
v -0.408248,  0.816497,  0.408248,  0.481162, -0.824918, -0.296638,  0.000000,  0.000000, 
v -0.707107,  0.707107,  0.000000,  0.631774, -0.769819, -0.090780,  0.000000,  0.000000, 
v -0.382683,  0.923880,  0.000000,  0.469405, -0.878196, -0.091823,  0.000000,  0.000000, 
v -0.577350,  0.788675,  0.211325,  0.541767, -0.823024, -0.170649,  0.000000,  0.000000, 
v -0.555570,  0.831470,  0.000000,  0.536377, -0.837794, -0.101980,  0.000000,  0.000000, 
v -0.404615,  0.890320,  0.208847,  0.486555, -0.856780, -0.170860,  0.000000,  0.000000, 
v  0.000000,  0.923880,  0.382683,  0.095802, -0.952539, -0.288950,  0.000000,  0.000000, 
v -0.382683,  0.923880,  0.000000,  0.288950, -0.952539, -0.095802,  0.000000,  0.000000, 
v  0.000000,  1.000000,  0.000000,  0.097550, -0.990438, -0.097550,  0.250000,  1.000000, 
v -0.198757,  0.959683,  0.198757,  0.163571, -0.972877, -0.163571,  0.000000,  0.000000, 
v -0.195090,  0.980785,  0.000000,  0.163890, -0.981471, -0.099274,  0.000000,  0.000000, 
v  0.000000,  0.980785,  0.195090,  0.099274, -0.981471, -0.163890,  0.000000,  0.000000, 
v -0.382683,  0.923880,  0.000000,  0.311816, -0.942694, -0.118736,  0.000000,  0.000000, 
v  0.000000,  0.923880,  0.382683,  0.118736, -0.942694, -0.311816,  0.000000,  0.000000, 
v -0.408248,  0.816497,  0.408248,  0.323355, -0.889316, -0.323355,  0.000000,  0.000000, 
v -0.198757,  0.959683,  0.198757,  0.243256, -0.938964, -0.243256,  0.000000,  0.000000, 
v -0.208847,  0.890320,  0.404615,  0.245900, -0.918265, -0.310360,  0.000000,  0.000000, 
v -0.404615,  0.890320,  0.208847,  0.310360, -0.918265, -0.245900,  0.000000,  0.000000, 
v -0.707107,  0.707107,  0.000000,  0.698090, -0.698090, -0.159185,  0.000000,  0.000000, 
v -0.408248,  0.816497,  0.408248,  0.547603, -0.753522, -0.363779,  0.000000,  0.000000, 
v -0.816497,  0.408248,  0.408248,  0.753522, -0.547603, -0.363779,  0.000000,  0.000000, 
v -0.577350,  0.788675,  0.211325,  0.646177, -0.714628, -0.267886,  0.000000,  0.000000, 
v -0.639602,  0.639602,  0.426401,  0.665988, -0.665988, -0.336035,  0.000000,  0.000000, 
v -0.788675,  0.577350,  0.211325,  0.714628, -0.646177, -0.267886,  0.000000,  0.000000, 
v -0.408248,  0.816497,  0.408248,  0.363780, -0.753522, -0.547603,  0.000000,  0.000000, 
v  0.000000,  0.707107,  0.707107,  0.159185, -0.698090, -0.698090,  0.000000,  0.000000, 
v -0.408248,  0.408248,  0.816497,  0.363780, -0.547603, -0.753522,  0.000000,  0.000000, 
v -0.211325,  0.788675,  0.577350,  0.267886, -0.714628, -0.646177,  0.000000,  0.000000, 
v -0.211325,  0.577350,  0.788675,  0.267886, -0.646177, -0.714628,  0.000000,  0.000000, 
v -0.426401,  0.639602,  0.639602,  0.336035, -0.665988, -0.665988,  0.000000,  0.000000, 
v -0.816497,  0.408248,  0.408248,  0.753522, -0.363780, -0.547603,  0.000000,  0.000000, 
v -0.408248,  0.408248,  0.816497,  0.547603, -0.363780, -0.753522,  0.000000,  0.000000, 
v -0.707107,  0.000000,  0.707107,  0.698090, -0.159185, -0.698090,  0.000000,  0.000000, 
v -0.639602,  0.426401,  0.639602,  0.665988, -0.336035, -0.665988,  0.000000,  0.000000, 
v -0.577350,  0.211325,  0.788675,  0.646177, -0.267886, -0.714628,  0.000000,  0.000000, 
v -0.788675,  0.211325,  0.577350,  0.714628, -0.267886, -0.646177,  0.000000,  0.000000, 
v -0.408248,  0.408248,  0.816497,  0.500660, -0.500660, -0.706173,  0.000000,  0.000000, 
v -0.816497,  0.408248,  0.408248,  0.706173, -0.500660, -0.500660,  0.000000,  0.000000, 
v -0.408248,  0.816497,  0.408248,  0.500660, -0.706173, -0.500660,  0.000000,  0.000000, 
v -0.639602,  0.426401,  0.639602,  0.599132, -0.531114, -0.599132,  0.000000,  0.000000, 
v -0.639602,  0.639602,  0.426401,  0.599132, -0.599132, -0.531114,  0.000000,  0.000000, 
v -0.426401,  0.639602,  0.639602,  0.531114, -0.599132, -0.599132,  0.000000,  0.000000, 
v -1.000000,  0.000000,  0.000000,  0.990438, -0.097550,  0.097550,  0.500000,  0.500000, 
v -0.923880,  0.000000, -0.382683,  0.952539, -0.095802,  0.288950,  0.000000,  0.000000, 
v -0.923880,  0.382683,  0.000000,  0.952539, -0.288950,  0.095802,  0.000000,  0.000000, 
v -0.980785,  0.000000, -0.195090,  0.981471, -0.099274,  0.163890,  0.000000,  0.000000, 
v -0.959683,  0.198757, -0.198757,  0.972877, -0.163571,  0.163571,  0.000000,  0.000000, 
v -0.980785,  0.195090,  0.000000,  0.981471, -0.163890,  0.099274,  0.000000,  0.000000, 
v -0.923880,  0.000000, -0.382683,  0.878195, -0.091823,  0.469405,  0.000000,  0.000000, 
v -0.707107,  0.000000, -0.707107,  0.769819, -0.090779,  0.631774,  0.000000,  0.000000, 
v -0.816497,  0.408248, -0.408248,  0.824918, -0.296638,  0.481162,  0.000000,  0.000000, 
v -0.831470,  0.000000, -0.555570,  0.837794, -0.101980,  0.536377,  0.000000,  0.000000, 
v -0.788675,  0.211325, -0.577350,  0.823024, -0.170649,  0.541767,  0.000000,  0.000000, 
v -0.890320,  0.208847, -0.404615,  0.856780, -0.170860,  0.486555,  0.000000,  0.000000, 
v -0.923880,  0.382683,  0.000000,  0.878195, -0.469405,  0.091823,  0.000000,  0.000000, 
v -0.816497,  0.408248, -0.408248,  0.824918, -0.481162,  0.296638,  0.000000,  0.000000, 
v -0.707107,  0.707107,  0.000000,  0.769819, -0.631774,  0.090780,  0.000000,  0.000000, 
v -0.890320,  0.404615, -0.208847,  0.856780, -0.486555,  0.170860,  0.000000,  0.000000, 
v -0.788675,  0.577350, -0.211325,  0.823023, -0.541767,  0.170649,  0.000000,  0.000000, 
v -0.831470,  0.555570,  0.000000,  0.837794, -0.536377,  0.101980,  0.000000,  0.000000, 
v -0.816497,  0.408248, -0.408248,  0.889316, -0.323355,  0.323355,  0.000000,  0.000000, 
v -0.923880,  0.382683,  0.000000,  0.942694, -0.311816,  0.118736,  0.000000,  0.000000, 
v -0.923880,  0.000000, -0.382683,  0.942694, -0.118736,  0.311816,  0.000000,  0.000000, 
v -0.890320,  0.404615, -0.208847,  0.918265, -0.310360,  0.245900,  0.000000,  0.000000, 
v -0.959683,  0.198757, -0.198757,  0.938964, -0.243256,  0.243256,  0.000000,  0.000000, 
v -0.890320,  0.208847, -0.404615,  0.918265, -0.245900,  0.310360,  0.000000,  0.000000, 
v -0.707107,  0.000000, -0.707107,  0.631774, -0.090779,  0.769819,  0.000000,  0.000000, 
v -0.382683,  0.000000, -0.923880,  0.469405, -0.091823,  0.878195,  0.000000,  0.000000, 
v -0.408248,  0.408248, -0.816497,  0.481162, -0.296638,  0.824918,  0.000000,  0.000000, 
v -0.555570,  0.000000, -0.831470,  0.536377, -0.101980,  0.837794,  0.000000,  0.000000, 
v -0.404615,  0.208847, -0.890320,  0.486555, -0.170860,  0.856780,  0.000000,  0.000000, 
v -0.577350,  0.211325, -0.788675,  0.541767, -0.170649,  0.823024,  0.000000,  0.000000, 
v -0.382683,  0.000000, -0.923880,  0.288950, -0.095802,  0.952539,  0.000000,  0.000000, 
v  0.000000,  0.000000, -1.000000,  0.097550, -0.097550,  0.990438,  0.750000,  0.500000, 
v  0.000000,  0.382683, -0.923880,  0.095802, -0.288950,  0.952539,  0.000000,  0.000000, 
v -0.195090,  0.000000, -0.980785,  0.163890, -0.099274,  0.981471,  0.000000,  0.000000, 
v  0.000000,  0.195090, -0.980785,  0.099274, -0.163890,  0.981471,  0.000000,  0.000000, 
v -0.198757,  0.198757, -0.959683,  0.163571, -0.163571,  0.972877,  0.000000,  0.000000, 
v -0.408248,  0.408248, -0.816497,  0.296638, -0.481162,  0.824918,  0.000000,  0.000000, 
v  0.000000,  0.382683, -0.923880,  0.091823, -0.469405,  0.878196,  0.000000,  0.000000, 
v  0.000000,  0.707107, -0.707107,  0.090779, -0.631774,  0.769819,  0.000000,  0.000000, 
v -0.208847,  0.404615, -0.890320,  0.170860, -0.486555,  0.856780,  0.000000,  0.000000, 
v  0.000000,  0.555570, -0.831470,  0.101980, -0.536377,  0.837794,  0.000000,  0.000000, 
v -0.211325,  0.577350, -0.788675,  0.170649, -0.541767,  0.823024,  0.000000,  0.000000, 
v  0.000000,  0.382683, -0.923880,  0.118736, -0.311817,  0.942694,  0.000000,  0.000000, 
v -0.408248,  0.408248, -0.816497,  0.323355, -0.323355,  0.889316,  0.000000,  0.000000, 
v -0.382683,  0.000000, -0.923880,  0.311817, -0.118736,  0.942694,  0.000000,  0.000000, 
v -0.208847,  0.404615, -0.890320,  0.245900, -0.310360,  0.918264,  0.000000,  0.000000, 
v -0.404615,  0.208847, -0.890320,  0.310360, -0.245900,  0.918264,  0.000000,  0.000000, 
v -0.198757,  0.198757, -0.959683,  0.243257, -0.243257,  0.938963,  0.000000,  0.000000, 
v -0.707107,  0.707107,  0.000000,  0.631774, -0.769819,  0.090780,  0.000000,  0.000000, 
v -0.408248,  0.816497, -0.408248,  0.481162, -0.824918,  0.296638,  0.000000,  0.000000, 
v -0.382683,  0.923880,  0.000000,  0.469405, -0.878195,  0.091823,  0.000000,  0.000000, 
v -0.577350,  0.788675, -0.211325,  0.541767, -0.823023,  0.170649,  0.000000,  0.000000, 
v -0.404615,  0.890320, -0.208847,  0.486555, -0.856780,  0.170860,  0.000000,  0.000000, 
v -0.555570,  0.831470,  0.000000,  0.536377, -0.837794,  0.101980,  0.000000,  0.000000, 
v -0.408248,  0.816497, -0.408248,  0.296638, -0.824918,  0.481162,  0.000000,  0.000000, 
v  0.000000,  0.707107, -0.707107,  0.090779, -0.769819,  0.631774,  0.000000,  0.000000, 
v  0.000000,  0.923880, -0.382683,  0.091823, -0.878196,  0.469405,  0.000000,  0.000000, 
v -0.211325,  0.788675, -0.577350,  0.170649, -0.823024,  0.541767,  0.000000,  0.000000, 
v  0.000000,  0.831470, -0.555570,  0.101980, -0.837794,  0.536377,  0.000000,  0.000000, 
v -0.208847,  0.890320, -0.404615,  0.170860, -0.856780,  0.486555,  0.000000,  0.000000, 
v -0.382683,  0.923880,  0.000000,  0.288950, -0.952539,  0.095802,  0.000000,  0.000000, 
v  0.000000,  0.923880, -0.382683,  0.095802, -0.952539,  0.288950,  0.000000,  0.000000, 
v  0.000000,  1.000000,  0.000000,  0.097550, -0.990438,  0.097550,  0.500000,  1.000000, 
v -0.198757,  0.959683, -0.198757,  0.163571, -0.972877,  0.163571,  0.000000,  0.000000, 
v  0.000000,  0.980785, -0.195090,  0.099274, -0.981471,  0.163890,  0.000000,  0.000000, 
v -0.195090,  0.980785,  0.000000,  0.163890, -0.981471,  0.099274,  0.000000,  0.000000, 
v  0.000000,  0.923880, -0.382683,  0.118736, -0.942694,  0.311816,  0.000000,  0.000000, 
v -0.382683,  0.923880,  0.000000,  0.311816, -0.942694,  0.118736,  0.000000,  0.000000, 
v -0.408248,  0.816497, -0.408248,  0.323355, -0.889316,  0.323355,  0.000000,  0.000000, 
v -0.198757,  0.959683, -0.198757,  0.243256, -0.938964,  0.243256,  0.000000,  0.000000, 
v -0.404615,  0.890320, -0.208847,  0.310360, -0.918265,  0.245900,  0.000000,  0.000000, 
v -0.208847,  0.890320, -0.404615,  0.245900, -0.918265,  0.310360,  0.000000,  0.000000, 
v  0.000000,  0.707107, -0.707107,  0.159184, -0.698090,  0.698090,  0.000000,  0.000000, 
v -0.408248,  0.816497, -0.408248,  0.363780, -0.753522,  0.547603,  0.000000,  0.000000, 
v -0.408248,  0.408248, -0.816497,  0.363780, -0.547603,  0.753522,  0.000000,  0.000000, 
v -0.211325,  0.788675, -0.577350,  0.267886, -0.714628,  0.646177,  0.000000,  0.000000, 
v -0.426401,  0.639602, -0.639602,  0.336035, -0.665988,  0.665988,  0.000000,  0.000000, 
v -0.211325,  0.577350, -0.788675,  0.267886, -0.646177,  0.714628,  0.000000,  0.000000, 
v -0.408248,  0.816497, -0.408248,  0.547603, -0.753522,  0.363779,  0.000000,  0.000000, 
v -0.707107,  0.707107,  0.000000,  0.698090, -0.698090,  0.159185,  0.000000,  0.000000, 
v -0.816497,  0.408248, -0.408248,  0.753522, -0.547603,  0.363779,  0.000000,  0.000000, 
v -0.577350,  0.788675, -0.211325,  0.646177, -0.714628,  0.267886,  0.000000,  0.000000, 
v -0.788675,  0.577350, -0.211325,  0.714628, -0.646177,  0.267886,  0.000000,  0.000000, 
v -0.639602,  0.639602, -0.426401,  0.665988, -0.665988,  0.336035,  0.000000,  0.000000, 
v -0.408248,  0.408248, -0.816497,  0.547603, -0.363780,  0.753522,  0.000000,  0.000000, 
v -0.816497,  0.408248, -0.408248,  0.753522, -0.363780,  0.547603,  0.000000,  0.000000, 
v -0.707107,  0.000000, -0.707107,  0.698090, -0.159185,  0.698090,  0.000000,  0.000000, 
v -0.639602,  0.426401, -0.639602,  0.665988, -0.336035,  0.665988,  0.000000,  0.000000, 
v -0.788675,  0.211325, -0.577350,  0.714628, -0.267886,  0.646177,  0.000000,  0.000000, 
v -0.577350,  0.211325, -0.788675,  0.646177, -0.267886,  0.714628,  0.000000,  0.000000, 
v -0.816497,  0.408248, -0.408248,  0.706173, -0.500660,  0.500660,  0.000000,  0.000000, 
v -0.408248,  0.408248, -0.816497,  0.500660, -0.500660,  0.706173,  0.000000,  0.000000, 
v -0.408248,  0.816497, -0.408248,  0.500660, -0.706173,  0.500660,  0.000000,  0.000000, 
v -0.639602,  0.426401, -0.639602,  0.599132, -0.531114,  0.599132,  0.000000,  0.000000, 
v -0.426401,  0.639602, -0.639602,  0.531114, -0.599132,  0.599132,  0.000000,  0.000000, 
v -0.639602,  0.639602, -0.426401,  0.599132, -0.599132,  0.531114,  0.000000,  0.000000, 
v  0.000000,  0.000000, -1.000000, -0.097550, -0.097550,  0.990438,  0.750000,  0.500000, 
v  0.382683,  0.000000, -0.923880, -0.288950, -0.095802,  0.952539,  0.000000,  0.000000, 
v  0.000000,  0.382683, -0.923880, -0.095802, -0.288950,  0.952539,  0.000000,  0.000000, 
v  0.195090,  0.000000, -0.980785, -0.163890, -0.099274,  0.981471,  0.000000,  0.000000, 
v  0.198757,  0.198757, -0.959683, -0.163571, -0.163571,  0.972877,  0.000000,  0.000000, 
v  0.000000,  0.195090, -0.980785, -0.099274, -0.163890,  0.981471,  0.000000,  0.000000, 
v  0.382683,  0.000000, -0.923880, -0.469405, -0.091823,  0.878195,  0.000000,  0.000000, 
v  0.707107,  0.000000, -0.707107, -0.631774, -0.090779,  0.769819,  0.000000,  0.000000, 
v  0.408248,  0.408248, -0.816497, -0.481162, -0.296638,  0.824918,  0.000000,  0.000000, 
v  0.555570,  0.000000, -0.831470, -0.536377, -0.101980,  0.837794,  0.000000,  0.000000, 
v  0.577350,  0.211325, -0.788675, -0.541767, -0.170649,  0.823024,  0.000000,  0.000000, 
v  0.404615,  0.208847, -0.890320, -0.486555, -0.170860,  0.856780,  0.000000,  0.000000, 
v  0.000000,  0.382683, -0.923880, -0.091823, -0.469405,  0.878195,  0.000000,  0.000000, 
v  0.408248,  0.408248, -0.816497, -0.296638, -0.481162,  0.824918,  0.000000,  0.000000, 
v  0.000000,  0.707107, -0.707107, -0.090779, -0.631774,  0.769819,  0.000000,  0.000000, 
v  0.208847,  0.404615, -0.890320, -0.170860, -0.486555,  0.856780,  0.000000,  0.000000, 
v  0.211325,  0.577350, -0.788675, -0.170649, -0.541767,  0.823024,  0.000000,  0.000000, 
v  0.000000,  0.555570, -0.831470, -0.101980, -0.536377,  0.837794,  0.000000,  0.000000, 
v  0.408248,  0.408248, -0.816497, -0.323355, -0.323355,  0.889316,  0.000000,  0.000000, 
v  0.000000,  0.382683, -0.923880, -0.118736, -0.311817,  0.942694,  0.000000,  0.000000, 
v  0.382683,  0.000000, -0.923880, -0.311817, -0.118736,  0.942694,  0.000000,  0.000000, 
v  0.208847,  0.404615, -0.890320, -0.245900, -0.310360,  0.918264,  0.000000,  0.000000, 
v  0.198757,  0.198757, -0.959683, -0.243257, -0.243257,  0.938963,  0.000000,  0.000000, 
v  0.404615,  0.208847, -0.890320, -0.310360, -0.245900,  0.918264,  0.000000,  0.000000, 
v  0.707107,  0.000000, -0.707107, -0.769819, -0.090779,  0.631774,  0.000000,  0.000000, 
v  0.923880,  0.000000, -0.382683, -0.878195, -0.091823,  0.469405,  0.000000,  0.000000, 
v  0.816497,  0.408248, -0.408248, -0.824918, -0.296638,  0.481162,  0.000000,  0.000000, 
v  0.831470,  0.000000, -0.555570, -0.837794, -0.101980,  0.536377,  0.000000,  0.000000, 
v  0.890320,  0.208847, -0.404615, -0.856780, -0.170860,  0.486555,  0.000000,  0.000000, 
v  0.788675,  0.211325, -0.577350, -0.823024, -0.170649,  0.541767,  0.000000,  0.000000, 
v  0.923880,  0.000000, -0.382683, -0.952539, -0.095802,  0.288950,  0.000000,  0.000000, 
v  1.000000,  0.000000,  0.000000, -0.990438, -0.097550,  0.097550,  1.000000,  0.500000, 
v  0.923880,  0.382683,  0.000000, -0.952539, -0.288950,  0.095802,  0.000000,  0.000000, 
v  0.980785,  0.000000, -0.195090, -0.981471, -0.099274,  0.163890,  0.000000,  0.000000, 
v  0.980785,  0.195090,  0.000000, -0.981471, -0.163890,  0.099274,  0.000000,  0.000000, 
v  0.959683,  0.198757, -0.198757, -0.972877, -0.163571,  0.163571,  0.000000,  0.000000, 
v  0.816497,  0.408248, -0.408248, -0.824918, -0.481162,  0.296638,  0.000000,  0.000000, 
v  0.923880,  0.382683,  0.000000, -0.878196, -0.469405,  0.091823,  0.000000,  0.000000, 
v  0.707107,  0.707107,  0.000000, -0.769819, -0.631774,  0.090780,  0.000000,  0.000000, 
v  0.890320,  0.404615, -0.208847, -0.856780, -0.486555,  0.170860,  0.000000,  0.000000, 
v  0.831470,  0.555570,  0.000000, -0.837794, -0.536377,  0.101980,  0.000000,  0.000000, 
v  0.788675,  0.577350, -0.211325, -0.823024, -0.541767,  0.170649,  0.000000,  0.000000, 
v  0.923880,  0.382683,  0.000000, -0.942694, -0.311816,  0.118736,  0.000000,  0.000000, 
v  0.816497,  0.408248, -0.408248, -0.889316, -0.323355,  0.323355,  0.000000,  0.000000, 
v  0.923880,  0.000000, -0.382683, -0.942694, -0.118736,  0.311816,  0.000000,  0.000000, 
v  0.890320,  0.404615, -0.208847, -0.918265, -0.310360,  0.245900,  0.000000,  0.000000, 
v  0.890320,  0.208847, -0.404615, -0.918265, -0.245900,  0.310360,  0.000000,  0.000000, 
v  0.959683,  0.198757, -0.198757, -0.938964, -0.243256,  0.243256,  0.000000,  0.000000, 
v  0.000000,  0.707107, -0.707107, -0.090779, -0.769819,  0.631774,  0.000000,  0.000000, 
v  0.408248,  0.816497, -0.408248, -0.296638, -0.824918,  0.481162,  0.000000,  0.000000, 
v  0.000000,  0.923880, -0.382683, -0.091823, -0.878195,  0.469405,  0.000000,  0.000000, 
v  0.211325,  0.788675, -0.577350, -0.170649, -0.823024,  0.541767,  0.000000,  0.000000, 
v  0.208847,  0.890320, -0.404615, -0.170860, -0.856780,  0.486555,  0.000000,  0.000000, 
v  0.000000,  0.831470, -0.555570, -0.101980, -0.837794,  0.536377,  0.000000,  0.000000, 
v  0.408248,  0.816497, -0.408248, -0.481162, -0.824918,  0.296638,  0.000000,  0.000000, 
v  0.707107,  0.707107,  0.000000, -0.631774, -0.769819,  0.090780,  0.000000,  0.000000, 
v  0.382683,  0.923880,  0.000000, -0.469405, -0.878196,  0.091823,  0.000000,  0.000000, 
v  0.577350,  0.788675, -0.211325, -0.541767, -0.823024,  0.170649,  0.000000,  0.000000, 
v  0.555570,  0.831470,  0.000000, -0.536377, -0.837794,  0.101980,  0.000000,  0.000000, 
v  0.404615,  0.890320, -0.208847, -0.486555, -0.856780,  0.170860,  0.000000,  0.000000, 
v  0.000000,  0.923880, -0.382683, -0.095802, -0.952539,  0.288950,  0.000000,  0.000000, 
v  0.382683,  0.923880,  0.000000, -0.288950, -0.952539,  0.095802,  0.000000,  0.000000, 
v  0.000000,  1.000000,  0.000000, -0.097550, -0.990438,  0.097550,  1.000000,  1.000000, 
v  0.198757,  0.959683, -0.198757, -0.163571, -0.972877,  0.163571,  0.000000,  0.000000, 
v  0.195090,  0.980785,  0.000000, -0.163890, -0.981471,  0.099274,  0.000000,  0.000000, 
v  0.000000,  0.980785, -0.195090, -0.099274, -0.981471,  0.163890,  0.000000,  0.000000, 
v  0.382683,  0.923880,  0.000000, -0.311816, -0.942694,  0.118736,  0.000000,  0.000000, 
v  0.000000,  0.923880, -0.382683, -0.118736, -0.942694,  0.311816,  0.000000,  0.000000, 
v  0.408248,  0.816497, -0.408248, -0.323355, -0.889316,  0.323355,  0.000000,  0.000000, 
v  0.198757,  0.959683, -0.198757, -0.243256, -0.938964,  0.243256,  0.000000,  0.000000, 
v  0.208847,  0.890320, -0.404615, -0.245900, -0.918265,  0.310360,  0.000000,  0.000000, 
v  0.404615,  0.890320, -0.208847, -0.310360, -0.918265,  0.245900,  0.000000,  0.000000, 
v  0.707107,  0.707107,  0.000000, -0.698090, -0.698090,  0.159185,  0.000000,  0.000000, 
v  0.408248,  0.816497, -0.408248, -0.547603, -0.753522,  0.363779,  0.000000,  0.000000, 
v  0.816497,  0.408248, -0.408248, -0.753522, -0.547603,  0.363779,  0.000000,  0.000000, 
v  0.577350,  0.788675, -0.211325, -0.646177, -0.714628,  0.267886,  0.000000,  0.000000, 
v  0.639602,  0.639602, -0.426401, -0.665988, -0.665988,  0.336035,  0.000000,  0.000000, 
v  0.788675,  0.577350, -0.211325, -0.714628, -0.646177,  0.267886,  0.000000,  0.000000, 
v  0.408248,  0.816497, -0.408248, -0.363780, -0.753522,  0.547603,  0.000000,  0.000000, 
v  0.000000,  0.707107, -0.707107, -0.159185, -0.698090,  0.698090,  0.000000,  0.000000, 
v  0.408248,  0.408248, -0.816497, -0.363780, -0.547603,  0.753522,  0.000000,  0.000000, 
v  0.211325,  0.788675, -0.577350, -0.267886, -0.714628,  0.646177,  0.000000,  0.000000, 
v  0.211325,  0.577350, -0.788675, -0.267886, -0.646177,  0.714628,  0.000000,  0.000000, 
v  0.426401,  0.639602, -0.639602, -0.336035, -0.665988,  0.665988,  0.000000,  0.000000, 
v  0.816497,  0.408248, -0.408248, -0.753522, -0.363780,  0.547603,  0.000000,  0.000000, 
v  0.408248,  0.408248, -0.816497, -0.547603, -0.363780,  0.753522,  0.000000,  0.000000, 
v  0.707107,  0.000000, -0.707107, -0.698090, -0.159185,  0.698090,  0.000000,  0.000000, 
v  0.639602,  0.426401, -0.639602, -0.665988, -0.336035,  0.665988,  0.000000,  0.000000, 
v  0.577350,  0.211325, -0.788675, -0.646177, -0.267886,  0.714628,  0.000000,  0.000000, 
v  0.788675,  0.211325, -0.577350, -0.714628, -0.267886,  0.646177,  0.000000,  0.000000, 
v  0.408248,  0.408248, -0.816497, -0.500660, -0.500660,  0.706173,  0.000000,  0.000000, 
v  0.816497,  0.408248, -0.408248, -0.706173, -0.500660,  0.500660,  0.000000,  0.000000, 
v  0.408248,  0.816497, -0.408248, -0.500660, -0.706173,  0.500660,  0.000000,  0.000000, 
v  0.639602,  0.426401, -0.639602, -0.599132, -0.531114,  0.599132,  0.000000,  0.000000, 
v  0.639602,  0.639602, -0.426401, -0.599132, -0.599132,  0.531114,  0.000000,  0.000000, 
v  0.426401,  0.639602, -0.639602, -0.531114, -0.599132,  0.599132,  0.000000,  0.000000, 
v  1.000000,  0.000000,  0.000000, -0.990438,  0.097550, -0.097550,  0.000000,  0.500000, 
v  0.923880, -0.382683,  0.000000, -0.952539,  0.288950, -0.095802,  0.000000,  0.000000, 
v  0.923880,  0.000000,  0.382683, -0.952539,  0.095802, -0.288950,  0.000000,  0.000000, 
v  0.980785, -0.195090,  0.000000, -0.981471,  0.163890, -0.099274,  0.000000,  0.000000, 
v  0.959683, -0.198757,  0.198757, -0.972877,  0.163571, -0.163571,  0.000000,  0.000000, 
v  0.980785,  0.000000,  0.195090, -0.981471,  0.099274, -0.163890,  0.000000,  0.000000, 
v  0.923880, -0.382683,  0.000000, -0.878195,  0.469405, -0.091823,  0.000000,  0.000000, 
v  0.707107, -0.707107,  0.000000, -0.769819,  0.631774, -0.090780,  0.000000,  0.000000, 
v  0.816497, -0.408248,  0.408248, -0.824918,  0.481162, -0.296638,  0.000000,  0.000000, 
v  0.831470, -0.555570,  0.000000, -0.837794,  0.536377, -0.101980,  0.000000,  0.000000, 
v  0.788675, -0.577350,  0.211325, -0.823023,  0.541767, -0.170649,  0.000000,  0.000000, 
v  0.890320, -0.404615,  0.208847, -0.856780,  0.486555, -0.170860,  0.000000,  0.000000, 
v  0.923880,  0.000000,  0.382683, -0.878195,  0.091823, -0.469405,  0.000000,  0.000000, 
v  0.816497, -0.408248,  0.408248, -0.824918,  0.296638, -0.481162,  0.000000,  0.000000, 
v  0.707107,  0.000000,  0.707107, -0.769819,  0.090779, -0.631774,  0.000000,  0.000000, 
v  0.890320, -0.208847,  0.404615, -0.856780,  0.170860, -0.486555,  0.000000,  0.000000, 
v  0.788675, -0.211325,  0.577350, -0.823024,  0.170649, -0.541767,  0.000000,  0.000000, 
v  0.831470,  0.000000,  0.555570, -0.837794,  0.101980, -0.536377,  0.000000,  0.000000, 
v  0.816497, -0.408248,  0.408248, -0.889316,  0.323355, -0.323355,  0.000000,  0.000000, 
v  0.923880,  0.000000,  0.382683, -0.942694,  0.118736, -0.311816,  0.000000,  0.000000, 
v  0.923880, -0.382683,  0.000000, -0.942694,  0.311816, -0.118736,  0.000000,  0.000000, 
v  0.890320, -0.208847,  0.404615, -0.918265,  0.245900, -0.310360,  0.000000,  0.000000, 
v  0.959683, -0.198757,  0.198757, -0.938964,  0.243256, -0.243256,  0.000000,  0.000000, 
v  0.890320, -0.404615,  0.208847, -0.918265,  0.310360, -0.245900,  0.000000,  0.000000, 
v  0.707107, -0.707107,  0.000000, -0.631774,  0.769819, -0.090780,  0.000000,  0.000000, 
v  0.382683, -0.923880,  0.000000, -0.469405,  0.878195, -0.091823,  0.000000,  0.000000, 
v  0.408248, -0.816497,  0.408248, -0.481162,  0.824918, -0.296638,  0.000000,  0.000000, 
v  0.555570, -0.831470,  0.000000, -0.536377,  0.837794, -0.101980,  0.000000,  0.000000, 
v  0.404615, -0.890320,  0.208847, -0.486555,  0.856780, -0.170860,  0.000000,  0.000000, 
v  0.577350, -0.788675,  0.211325, -0.541767,  0.823023, -0.170649,  0.000000,  0.000000, 
v  0.382683, -0.923880,  0.000000, -0.288950,  0.952539, -0.095802,  0.000000,  0.000000, 
v  0.000000, -1.000000,  0.000000, -0.097550,  0.990438, -0.097550,  0.000000, -1.000000, 
v  0.000000, -0.923880,  0.382683, -0.095802,  0.952539, -0.288950,  0.000000,  0.000000, 
v  0.195090, -0.980785,  0.000000, -0.163890,  0.981471, -0.099274,  0.000000,  0.000000, 
v  0.000000, -0.980785,  0.195090, -0.099274,  0.981471, -0.163890,  0.000000,  0.000000, 
v  0.198757, -0.959683,  0.198757, -0.163571,  0.972877, -0.163571,  0.000000,  0.000000, 
v  0.408248, -0.816497,  0.408248, -0.296638,  0.824918, -0.481162,  0.000000,  0.000000, 
v  0.000000, -0.923880,  0.382683, -0.091823,  0.878196, -0.469405,  0.000000,  0.000000, 
v  0.000000, -0.707107,  0.707107, -0.090779,  0.769819, -0.631774,  0.000000,  0.000000, 
v  0.208847, -0.890320,  0.404615, -0.170860,  0.856780, -0.486555,  0.000000,  0.000000, 
v  0.000000, -0.831470,  0.555570, -0.101980,  0.837794, -0.536377,  0.000000,  0.000000, 
v  0.211325, -0.788675,  0.577350, -0.170649,  0.823024, -0.541767,  0.000000,  0.000000, 
v  0.000000, -0.923880,  0.382683, -0.118736,  0.942694, -0.311816,  0.000000,  0.000000, 
v  0.408248, -0.816497,  0.408248, -0.323355,  0.889316, -0.323355,  0.000000,  0.000000, 
v  0.382683, -0.923880,  0.000000, -0.311816,  0.942694, -0.118736,  0.000000,  0.000000, 
v  0.208847, -0.890320,  0.404615, -0.245900,  0.918265, -0.310360,  0.000000,  0.000000, 
v  0.404615, -0.890320,  0.208847, -0.310360,  0.918265, -0.245900,  0.000000,  0.000000, 
v  0.198757, -0.959683,  0.198757, -0.243256,  0.938964, -0.243256,  0.000000,  0.000000, 
v  0.707107,  0.000000,  0.707107, -0.631774,  0.090779, -0.769819,  0.000000,  0.000000, 
v  0.408248, -0.408248,  0.816497, -0.481162,  0.296638, -0.824918,  0.000000,  0.000000, 
v  0.382683,  0.000000,  0.923880, -0.469405,  0.091823, -0.878195,  0.000000,  0.000000, 
v  0.577350, -0.211325,  0.788675, -0.541767,  0.170649, -0.823024,  0.000000,  0.000000, 
v  0.404615, -0.208847,  0.890320, -0.486555,  0.170860, -0.856780,  0.000000,  0.000000, 
v  0.555570,  0.000000,  0.831470, -0.536377,  0.101980, -0.837794,  0.000000,  0.000000, 
v  0.408248, -0.408248,  0.816497, -0.296638,  0.481162, -0.824918,  0.000000,  0.000000, 
v  0.000000, -0.707107,  0.707107, -0.090779,  0.631774, -0.769819,  0.000000,  0.000000, 
v  0.000000, -0.382683,  0.923880, -0.091823,  0.469405, -0.878196,  0.000000,  0.000000, 
v  0.211325, -0.577350,  0.788675, -0.170649,  0.541767, -0.823024,  0.000000,  0.000000, 
v  0.000000, -0.555570,  0.831470, -0.101980,  0.536377, -0.837794,  0.000000,  0.000000, 
v  0.208847, -0.404615,  0.890320, -0.170860,  0.486555, -0.856780,  0.000000,  0.000000, 
v  0.382683,  0.000000,  0.923880, -0.288950,  0.095802, -0.952539,  0.000000,  0.000000, 
v  0.000000, -0.382683,  0.923880, -0.095802,  0.288950, -0.952539,  0.000000,  0.000000, 
v  0.000000,  0.000000,  1.000000, -0.097550,  0.097550, -0.990438,  0.250000,  0.500000, 
v  0.198757, -0.198757,  0.959683, -0.163571,  0.163571, -0.972877,  0.000000,  0.000000, 
v  0.000000, -0.195090,  0.980785, -0.099274,  0.163890, -0.981471,  0.000000,  0.000000, 
v  0.195090,  0.000000,  0.980785, -0.163890,  0.099274, -0.981471,  0.000000,  0.000000, 
v  0.000000, -0.382683,  0.923880, -0.118736,  0.311817, -0.942694,  0.000000,  0.000000, 
v  0.382683,  0.000000,  0.923880, -0.311817,  0.118736, -0.942694,  0.000000,  0.000000, 
v  0.408248, -0.408248,  0.816497, -0.323355,  0.323355, -0.889316,  0.000000,  0.000000, 
v  0.198757, -0.198757,  0.959683, -0.243257,  0.243257, -0.938963,  0.000000,  0.000000, 
v  0.404615, -0.208847,  0.890320, -0.310360,  0.245900, -0.918264,  0.000000,  0.000000, 
v  0.208847, -0.404615,  0.890320, -0.245900,  0.310360, -0.918264,  0.000000,  0.000000, 
v  0.000000, -0.707107,  0.707107, -0.159184,  0.698090, -0.698090,  0.000000,  0.000000, 
v  0.408248, -0.408248,  0.816497, -0.363780,  0.547603, -0.753522,  0.000000,  0.000000, 
v  0.408248, -0.816497,  0.408248, -0.363780,  0.753522, -0.547603,  0.000000,  0.000000, 
v  0.211325, -0.577350,  0.788675, -0.267886,  0.646177, -0.714628,  0.000000,  0.000000, 
v  0.426401, -0.639602,  0.639602, -0.336035,  0.665988, -0.665988,  0.000000,  0.000000, 
v  0.211325, -0.788675,  0.577350, -0.267886,  0.714628, -0.646177,  0.000000,  0.000000, 
v  0.408248, -0.408248,  0.816497, -0.547603,  0.363780, -0.753522,  0.000000,  0.000000, 
v  0.707107,  0.000000,  0.707107, -0.698090,  0.159185, -0.698090,  0.000000,  0.000000, 
v  0.816497, -0.408248,  0.408248, -0.753522,  0.363780, -0.547603,  0.000000,  0.000000, 
v  0.577350, -0.211325,  0.788675, -0.646177,  0.267886, -0.714628,  0.000000,  0.000000, 
v  0.788675, -0.211325,  0.577350, -0.714628,  0.267886, -0.646177,  0.000000,  0.000000, 
v  0.639602, -0.426401,  0.639602, -0.665988,  0.336035, -0.665988,  0.000000,  0.000000, 
v  0.408248, -0.816497,  0.408248, -0.547603,  0.753522, -0.363779,  0.000000,  0.000000, 
v  0.816497, -0.408248,  0.408248, -0.753522,  0.547603, -0.363779,  0.000000,  0.000000, 
v  0.707107, -0.707107,  0.000000, -0.698090,  0.698090, -0.159185,  0.000000,  0.000000, 
v  0.639602, -0.639602,  0.426401, -0.665988,  0.665988, -0.336035,  0.000000,  0.000000, 
v  0.788675, -0.577350,  0.211325, -0.714628,  0.646177, -0.267886,  0.000000,  0.000000, 
v  0.577350, -0.788675,  0.211325, -0.646177,  0.714628, -0.267886,  0.000000,  0.000000, 
v  0.816497, -0.408248,  0.408248, -0.706173,  0.500660, -0.500660,  0.000000,  0.000000, 
v  0.408248, -0.816497,  0.408248, -0.500660,  0.706173, -0.500660,  0.000000,  0.000000, 
v  0.408248, -0.408248,  0.816497, -0.500660,  0.500660, -0.706173,  0.000000,  0.000000, 
v  0.639602, -0.639602,  0.426401, -0.599132,  0.599132, -0.531114,  0.000000,  0.000000, 
v  0.426401, -0.639602,  0.639602, -0.531114,  0.599132, -0.599132,  0.000000,  0.000000, 
v  0.639602, -0.426401,  0.639602, -0.599132,  0.531114, -0.599132,  0.000000,  0.000000, 
v  0.000000,  0.000000,  1.000000,  0.097550,  0.097550, -0.990438,  0.250000,  0.500000, 
v  0.000000, -0.382683,  0.923880,  0.095802,  0.288950, -0.952539,  0.000000,  0.000000, 
v -0.382683,  0.000000,  0.923880,  0.288950,  0.095802, -0.952539,  0.000000,  0.000000, 
v  0.000000, -0.195090,  0.980785,  0.099274,  0.163890, -0.981471,  0.000000,  0.000000, 
v -0.198757, -0.198757,  0.959683,  0.163571,  0.163571, -0.972877,  0.000000,  0.000000, 
v -0.195090,  0.000000,  0.980785,  0.163890,  0.099274, -0.981471,  0.000000,  0.000000, 
v  0.000000, -0.382683,  0.923880,  0.091823,  0.469405, -0.878195,  0.000000,  0.000000, 
v  0.000000, -0.707107,  0.707107,  0.090779,  0.631774, -0.769819,  0.000000,  0.000000, 
v -0.408248, -0.408248,  0.816497,  0.296638,  0.481162, -0.824918,  0.000000,  0.000000, 
v  0.000000, -0.555570,  0.831470,  0.101980,  0.536377, -0.837794,  0.000000,  0.000000, 
v -0.211325, -0.577350,  0.788675,  0.170649,  0.541767, -0.823024,  0.000000,  0.000000, 
v -0.208847, -0.404615,  0.890320,  0.170860,  0.486555, -0.856780,  0.000000,  0.000000, 
v -0.382683,  0.000000,  0.923880,  0.469405,  0.091823, -0.878195,  0.000000,  0.000000, 
v -0.408248, -0.408248,  0.816497,  0.481162,  0.296638, -0.824918,  0.000000,  0.000000, 
v -0.707107,  0.000000,  0.707107,  0.631774,  0.090779, -0.769819,  0.000000,  0.000000, 
v -0.404615, -0.208847,  0.890320,  0.486555,  0.170860, -0.856780,  0.000000,  0.000000, 
v -0.577350, -0.211325,  0.788675,  0.541767,  0.170649, -0.823024,  0.000000,  0.000000, 
v -0.555570,  0.000000,  0.831470,  0.536377,  0.101980, -0.837794,  0.000000,  0.000000, 
v -0.408248, -0.408248,  0.816497,  0.323355,  0.323355, -0.889316,  0.000000,  0.000000, 
v -0.382683,  0.000000,  0.923880,  0.311817,  0.118736, -0.942694,  0.000000,  0.000000, 
v  0.000000, -0.382683,  0.923880,  0.118736,  0.311817, -0.942694,  0.000000,  0.000000, 
v -0.404615, -0.208847,  0.890320,  0.310360,  0.245900, -0.918264,  0.000000,  0.000000, 
v -0.198757, -0.198757,  0.959683,  0.243257,  0.243257, -0.938963,  0.000000,  0.000000, 
v -0.208847, -0.404615,  0.890320,  0.245900,  0.310360, -0.918264,  0.000000,  0.000000, 
v  0.000000, -0.707107,  0.707107,  0.090779,  0.769819, -0.631774,  0.000000,  0.000000, 
v  0.000000, -0.923880,  0.382683,  0.091823,  0.878195, -0.469405,  0.000000,  0.000000, 
v -0.408248, -0.816497,  0.408248,  0.296638,  0.824918, -0.481162,  0.000000,  0.000000, 
v  0.000000, -0.831470,  0.555570,  0.101980,  0.837794, -0.536377,  0.000000,  0.000000, 
v -0.208847, -0.890320,  0.404615,  0.170860,  0.856780, -0.486555,  0.000000,  0.000000, 
v -0.211325, -0.788675,  0.577350,  0.170649,  0.823024, -0.541767,  0.000000,  0.000000, 
v  0.000000, -0.923880,  0.382683,  0.095802,  0.952539, -0.288950,  0.000000,  0.000000, 
v  0.000000, -1.000000,  0.000000,  0.097550,  0.990438, -0.097550,  0.250000, -1.000000, 
v -0.382683, -0.923880,  0.000000,  0.288950,  0.952539, -0.095802,  0.000000,  0.000000, 
v  0.000000, -0.980785,  0.195090,  0.099274,  0.981471, -0.163890,  0.000000,  0.000000, 
v -0.195090, -0.980785,  0.000000,  0.163890,  0.981471, -0.099274,  0.000000,  0.000000, 
v -0.198757, -0.959683,  0.198757,  0.163571,  0.972877, -0.163571,  0.000000,  0.000000, 
v -0.408248, -0.816497,  0.408248,  0.481162,  0.824918, -0.296638,  0.000000,  0.000000, 
v -0.382683, -0.923880,  0.000000,  0.469405,  0.878196, -0.091823,  0.000000,  0.000000, 
v -0.707107, -0.707107,  0.000000,  0.631774,  0.769819, -0.090780,  0.000000,  0.000000, 
v -0.404615, -0.890320,  0.208847,  0.486555,  0.856780, -0.170860,  0.000000,  0.000000, 
v -0.555570, -0.831470,  0.000000,  0.536377,  0.837794, -0.101980,  0.000000,  0.000000, 
v -0.577350, -0.788675,  0.211325,  0.541767,  0.823024, -0.170649,  0.000000,  0.000000, 
v -0.382683, -0.923880,  0.000000,  0.311816,  0.942694, -0.118736,  0.000000,  0.000000, 
v -0.408248, -0.816497,  0.408248,  0.323355,  0.889316, -0.323355,  0.000000,  0.000000, 
v  0.000000, -0.923880,  0.382683,  0.118736,  0.942694, -0.311816,  0.000000,  0.000000, 
v -0.404615, -0.890320,  0.208847,  0.310360,  0.918265, -0.245900,  0.000000,  0.000000, 
v -0.208847, -0.890320,  0.404615,  0.245900,  0.918265, -0.310360,  0.000000,  0.000000, 
v -0.198757, -0.959683,  0.198757,  0.243256,  0.938964, -0.243256,  0.000000,  0.000000, 
v -0.707107,  0.000000,  0.707107,  0.769819,  0.090779, -0.631774,  0.000000,  0.000000, 
v -0.816497, -0.408248,  0.408248,  0.824918,  0.296638, -0.481162,  0.000000,  0.000000, 
v -0.923880,  0.000000,  0.382683,  0.878195,  0.091823, -0.469405,  0.000000,  0.000000, 
v -0.788675, -0.211325,  0.577350,  0.823024,  0.170649, -0.541767,  0.000000,  0.000000, 
v -0.890320, -0.208847,  0.404615,  0.856780,  0.170860, -0.486555,  0.000000,  0.000000, 
v -0.831470,  0.000000,  0.555570,  0.837794,  0.101980, -0.536377,  0.000000,  0.000000, 
v -0.816497, -0.408248,  0.408248,  0.824918,  0.481162, -0.296638,  0.000000,  0.000000, 
v -0.707107, -0.707107,  0.000000,  0.769819,  0.631774, -0.090780,  0.000000,  0.000000, 
v -0.923880, -0.382683,  0.000000,  0.878196,  0.469405, -0.091823,  0.000000,  0.000000, 
v -0.788675, -0.577350,  0.211325,  0.823024,  0.541767, -0.170649,  0.000000,  0.000000, 
v -0.831470, -0.555570,  0.000000,  0.837794,  0.536377, -0.101980,  0.000000,  0.000000, 
v -0.890320, -0.404615,  0.208847,  0.856780,  0.486555, -0.170860,  0.000000,  0.000000, 
v -0.923880,  0.000000,  0.382683,  0.952539,  0.095802, -0.288950,  0.000000,  0.000000, 
v -0.923880, -0.382683,  0.000000,  0.952539,  0.288950, -0.095802,  0.000000,  0.000000, 
v -1.000000,  0.000000,  0.000000,  0.990438,  0.097550, -0.097550,  0.500000,  0.500000, 
v -0.959683, -0.198757,  0.198757,  0.972877,  0.163571, -0.163571,  0.000000,  0.000000, 
v -0.980785, -0.195090,  0.000000,  0.981471,  0.163890, -0.099274,  0.000000,  0.000000, 
v -0.980785,  0.000000,  0.195090,  0.981471,  0.099274, -0.163890,  0.000000,  0.000000, 
v -0.923880, -0.382683,  0.000000,  0.942694,  0.311816, -0.118736,  0.000000,  0.000000, 
v -0.923880,  0.000000,  0.382683,  0.942694,  0.118736, -0.311816,  0.000000,  0.000000, 
v -0.816497, -0.408248,  0.408248,  0.889316,  0.323355, -0.323355,  0.000000,  0.000000, 
v -0.959683, -0.198757,  0.198757,  0.938964,  0.243256, -0.243256,  0.000000,  0.000000, 
v -0.890320, -0.208847,  0.404615,  0.918265,  0.245900, -0.310360,  0.000000,  0.000000, 
v -0.890320, -0.404615,  0.208847,  0.918265,  0.310360, -0.245900,  0.000000,  0.000000, 
v -0.707107, -0.707107,  0.000000,  0.698090,  0.698090, -0.159185,  0.000000,  0.000000, 
v -0.816497, -0.408248,  0.408248,  0.753522,  0.547603, -0.363779,  0.000000,  0.000000, 
v -0.408248, -0.816497,  0.408248,  0.547603,  0.753522, -0.363779,  0.000000,  0.000000, 
v -0.788675, -0.577350,  0.211325,  0.714628,  0.646177, -0.267886,  0.000000,  0.000000, 
v -0.639602, -0.639602,  0.426401,  0.665988,  0.665988, -0.336035,  0.000000,  0.000000, 
v -0.577350, -0.788675,  0.211325,  0.646177,  0.714628, -0.267886,  0.000000,  0.000000, 
v -0.816497, -0.408248,  0.408248,  0.753522,  0.363780, -0.547603,  0.000000,  0.000000, 
v -0.707107,  0.000000,  0.707107,  0.698090,  0.159185, -0.698090,  0.000000,  0.000000, 
v -0.408248, -0.408248,  0.816497,  0.547603,  0.363780, -0.753522,  0.000000,  0.000000, 
v -0.788675, -0.211325,  0.577350,  0.714628,  0.267886, -0.646177,  0.000000,  0.000000, 
v -0.577350, -0.211325,  0.788675,  0.646177,  0.267886, -0.714628,  0.000000,  0.000000, 
v -0.639602, -0.426401,  0.639602,  0.665988,  0.336035, -0.665988,  0.000000,  0.000000, 
v -0.408248, -0.816497,  0.408248,  0.363780,  0.753522, -0.547603,  0.000000,  0.000000, 
v -0.408248, -0.408248,  0.816497,  0.363780,  0.547603, -0.753522,  0.000000,  0.000000, 
v  0.000000, -0.707107,  0.707107,  0.159185,  0.698090, -0.698090,  0.000000,  0.000000, 
v -0.426401, -0.639602,  0.639602,  0.336035,  0.665988, -0.665988,  0.000000,  0.000000, 
v -0.211325, -0.577350,  0.788675,  0.267886,  0.646177, -0.714628,  0.000000,  0.000000, 
v -0.211325, -0.788675,  0.577350,  0.267886,  0.714628, -0.646177,  0.000000,  0.000000, 
v -0.408248, -0.408248,  0.816497,  0.500660,  0.500660, -0.706173,  0.000000,  0.000000, 
v -0.408248, -0.816497,  0.408248,  0.500660,  0.706173, -0.500660,  0.000000,  0.000000, 
v -0.816497, -0.408248,  0.408248,  0.706173,  0.500660, -0.500660,  0.000000,  0.000000, 
v -0.426401, -0.639602,  0.639602,  0.531114,  0.599132, -0.599132,  0.000000,  0.000000, 
v -0.639602, -0.639602,  0.426401,  0.599132,  0.599132, -0.531114,  0.000000,  0.000000, 
v -0.639602, -0.426401,  0.639602,  0.599132,  0.531114, -0.599132,  0.000000,  0.000000, 
v -1.000000,  0.000000,  0.000000,  0.990438,  0.097550,  0.097550,  0.500000,  0.500000, 
v -0.923880, -0.382683,  0.000000,  0.952539,  0.288950,  0.095802,  0.000000,  0.000000, 
v -0.923880,  0.000000, -0.382683,  0.952539,  0.095802,  0.288950,  0.000000,  0.000000, 
v -0.980785, -0.195090,  0.000000,  0.981471,  0.163890,  0.099274,  0.000000,  0.000000, 
v -0.959683, -0.198757, -0.198757,  0.972877,  0.163571,  0.163571,  0.000000,  0.000000, 
v -0.980785,  0.000000, -0.195090,  0.981471,  0.099274,  0.163890,  0.000000,  0.000000, 
v -0.923880, -0.382683,  0.000000,  0.878195,  0.469405,  0.091823,  0.000000,  0.000000, 
v -0.707107, -0.707107,  0.000000,  0.769819,  0.631774,  0.090780,  0.000000,  0.000000, 
v -0.816497, -0.408248, -0.408248,  0.824918,  0.481162,  0.296638,  0.000000,  0.000000, 
v -0.831470, -0.555570,  0.000000,  0.837794,  0.536377,  0.101980,  0.000000,  0.000000, 
v -0.788675, -0.577350, -0.211325,  0.823023,  0.541767,  0.170649,  0.000000,  0.000000, 
v -0.890320, -0.404615, -0.208847,  0.856780,  0.486555,  0.170860,  0.000000,  0.000000, 
v -0.923880,  0.000000, -0.382683,  0.878195,  0.091823,  0.469405,  0.000000,  0.000000, 
v -0.816497, -0.408248, -0.408248,  0.824918,  0.296638,  0.481162,  0.000000,  0.000000, 
v -0.707107,  0.000000, -0.707107,  0.769819,  0.090779,  0.631774,  0.000000,  0.000000, 
v -0.890320, -0.208847, -0.404615,  0.856780,  0.170860,  0.486555,  0.000000,  0.000000, 
v -0.788675, -0.211325, -0.577350,  0.823024,  0.170649,  0.541767,  0.000000,  0.000000, 
v -0.831470,  0.000000, -0.555570,  0.837794,  0.101980,  0.536377,  0.000000,  0.000000, 
v -0.816497, -0.408248, -0.408248,  0.889316,  0.323355,  0.323355,  0.000000,  0.000000, 
v -0.923880,  0.000000, -0.382683,  0.942694,  0.118736,  0.311816,  0.000000,  0.000000, 
v -0.923880, -0.382683,  0.000000,  0.942694,  0.311816,  0.118736,  0.000000,  0.000000, 
v -0.890320, -0.208847, -0.404615,  0.918265,  0.245900,  0.310360,  0.000000,  0.000000, 
v -0.959683, -0.198757, -0.198757,  0.938964,  0.243256,  0.243256,  0.000000,  0.000000, 
v -0.890320, -0.404615, -0.208847,  0.918265,  0.310360,  0.245900,  0.000000,  0.000000, 
v -0.707107, -0.707107,  0.000000,  0.631774,  0.769819,  0.090780,  0.000000,  0.000000, 
v -0.382683, -0.923880,  0.000000,  0.469405,  0.878195,  0.091823,  0.000000,  0.000000, 
v -0.408248, -0.816497, -0.408248,  0.481162,  0.824918,  0.296638,  0.000000,  0.000000, 
v -0.555570, -0.831470,  0.000000,  0.536377,  0.837794,  0.101980,  0.000000,  0.000000, 
v -0.404615, -0.890320, -0.208847,  0.486555,  0.856780,  0.170860,  0.000000,  0.000000, 
v -0.577350, -0.788675, -0.211325,  0.541767,  0.823023,  0.170649,  0.000000,  0.000000, 
v -0.382683, -0.923880,  0.000000,  0.288950,  0.952539,  0.095802,  0.000000,  0.000000, 
v  0.000000, -1.000000,  0.000000,  0.097550,  0.990438,  0.097550,  0.750000, -1.000000, 
v  0.000000, -0.923880, -0.382683,  0.095802,  0.952539,  0.288950,  0.000000,  0.000000, 
v -0.195090, -0.980785,  0.000000,  0.163890,  0.981471,  0.099274,  0.000000,  0.000000, 
v  0.000000, -0.980785, -0.195090,  0.099274,  0.981471,  0.163890,  0.000000,  0.000000, 
v -0.198757, -0.959683, -0.198757,  0.163571,  0.972877,  0.163571,  0.000000,  0.000000, 
v -0.408248, -0.816497, -0.408248,  0.296638,  0.824918,  0.481162,  0.000000,  0.000000, 
v  0.000000, -0.923880, -0.382683,  0.091823,  0.878196,  0.469405,  0.000000,  0.000000, 
v  0.000000, -0.707107, -0.707107,  0.090779,  0.769819,  0.631774,  0.000000,  0.000000, 
v -0.208847, -0.890320, -0.404615,  0.170860,  0.856780,  0.486555,  0.000000,  0.000000, 
v  0.000000, -0.831470, -0.555570,  0.101980,  0.837794,  0.536377,  0.000000,  0.000000, 
v -0.211325, -0.788675, -0.577350,  0.170649,  0.823024,  0.541767,  0.000000,  0.000000, 
v  0.000000, -0.923880, -0.382683,  0.118736,  0.942694,  0.311816,  0.000000,  0.000000, 
v -0.408248, -0.816497, -0.408248,  0.323355,  0.889316,  0.323355,  0.000000,  0.000000, 
v -0.382683, -0.923880,  0.000000,  0.311816,  0.942694,  0.118736,  0.000000,  0.000000, 
v -0.208847, -0.890320, -0.404615,  0.245900,  0.918265,  0.310360,  0.000000,  0.000000, 
v -0.404615, -0.890320, -0.208847,  0.310360,  0.918265,  0.245900,  0.000000,  0.000000, 
v -0.198757, -0.959683, -0.198757,  0.243256,  0.938964,  0.243256,  0.000000,  0.000000, 
v -0.707107,  0.000000, -0.707107,  0.631774,  0.090779,  0.769819,  0.000000,  0.000000, 
v -0.408248, -0.408248, -0.816497,  0.481162,  0.296638,  0.824918,  0.000000,  0.000000, 
v -0.382683,  0.000000, -0.923880,  0.469405,  0.091823,  0.878195,  0.000000,  0.000000, 
v -0.577350, -0.211325, -0.788675,  0.541767,  0.170649,  0.823024,  0.000000,  0.000000, 
v -0.404615, -0.208847, -0.890320,  0.486555,  0.170860,  0.856780,  0.000000,  0.000000, 
v -0.555570,  0.000000, -0.831470,  0.536377,  0.101980,  0.837794,  0.000000,  0.000000, 
v -0.408248, -0.408248, -0.816497,  0.296638,  0.481162,  0.824918,  0.000000,  0.000000, 
v  0.000000, -0.707107, -0.707107,  0.090779,  0.631774,  0.769819,  0.000000,  0.000000, 
v  0.000000, -0.382683, -0.923880,  0.091823,  0.469405,  0.878196,  0.000000,  0.000000, 
v -0.211325, -0.577350, -0.788675,  0.170649,  0.541767,  0.823024,  0.000000,  0.000000, 
v  0.000000, -0.555570, -0.831470,  0.101980,  0.536377,  0.837794,  0.000000,  0.000000, 
v -0.208847, -0.404615, -0.890320,  0.170860,  0.486555,  0.856780,  0.000000,  0.000000, 
v -0.382683,  0.000000, -0.923880,  0.288950,  0.095802,  0.952539,  0.000000,  0.000000, 
v  0.000000, -0.382683, -0.923880,  0.095802,  0.288950,  0.952539,  0.000000,  0.000000, 
v  0.000000,  0.000000, -1.000000,  0.097550,  0.097550,  0.990438,  0.750000,  0.500000, 
v -0.198757, -0.198757, -0.959683,  0.163571,  0.163571,  0.972877,  0.000000,  0.000000, 
v  0.000000, -0.195090, -0.980785,  0.099274,  0.163890,  0.981471,  0.000000,  0.000000, 
v -0.195090,  0.000000, -0.980785,  0.163890,  0.099274,  0.981471,  0.000000,  0.000000, 
v  0.000000, -0.382683, -0.923880,  0.118736,  0.311817,  0.942694,  0.000000,  0.000000, 
v -0.382683,  0.000000, -0.923880,  0.311817,  0.118736,  0.942694,  0.000000,  0.000000, 
v -0.408248, -0.408248, -0.816497,  0.323355,  0.323355,  0.889316,  0.000000,  0.000000, 
v -0.198757, -0.198757, -0.959683,  0.243257,  0.243257,  0.938963,  0.000000,  0.000000, 
v -0.404615, -0.208847, -0.890320,  0.310360,  0.245900,  0.918264,  0.000000,  0.000000, 
v -0.208847, -0.404615, -0.890320,  0.245900,  0.310360,  0.918264,  0.000000,  0.000000, 
v  0.000000, -0.707107, -0.707107,  0.159184,  0.698090,  0.698090,  0.000000,  0.000000, 
v -0.408248, -0.408248, -0.816497,  0.363780,  0.547603,  0.753522,  0.000000,  0.000000, 
v -0.408248, -0.816497, -0.408248,  0.363780,  0.753522,  0.547603,  0.000000,  0.000000, 
v -0.211325, -0.577350, -0.788675,  0.267886,  0.646177,  0.714628,  0.000000,  0.000000, 
v -0.426401, -0.639602, -0.639602,  0.336035,  0.665988,  0.665988,  0.000000,  0.000000, 
v -0.211325, -0.788675, -0.577350,  0.267886,  0.714628,  0.646177,  0.000000,  0.000000, 
v -0.408248, -0.408248, -0.816497,  0.547603,  0.363780,  0.753522,  0.000000,  0.000000, 
v -0.707107,  0.000000, -0.707107,  0.698090,  0.159185,  0.698090,  0.000000,  0.000000, 
v -0.816497, -0.408248, -0.408248,  0.753522,  0.363780,  0.547603,  0.000000,  0.000000, 
v -0.577350, -0.211325, -0.788675,  0.646177,  0.267886,  0.714628,  0.000000,  0.000000, 
v -0.788675, -0.211325, -0.577350,  0.714628,  0.267886,  0.646177,  0.000000,  0.000000, 
v -0.639602, -0.426401, -0.639602,  0.665988,  0.336035,  0.665988,  0.000000,  0.000000, 
v -0.408248, -0.816497, -0.408248,  0.547603,  0.753522,  0.363779,  0.000000,  0.000000, 
v -0.816497, -0.408248, -0.408248,  0.753522,  0.547603,  0.363779,  0.000000,  0.000000, 
v -0.707107, -0.707107,  0.000000,  0.698090,  0.698090,  0.159185,  0.000000,  0.000000, 
v -0.639602, -0.639602, -0.426401,  0.665988,  0.665988,  0.336035,  0.000000,  0.000000, 
v -0.788675, -0.577350, -0.211325,  0.714628,  0.646177,  0.267886,  0.000000,  0.000000, 
v -0.577350, -0.788675, -0.211325,  0.646177,  0.714628,  0.267886,  0.000000,  0.000000, 
v -0.816497, -0.408248, -0.408248,  0.706173,  0.500660,  0.500660,  0.000000,  0.000000, 
v -0.408248, -0.816497, -0.408248,  0.500660,  0.706173,  0.500660,  0.000000,  0.000000, 
v -0.408248, -0.408248, -0.816497,  0.500660,  0.500660,  0.706173,  0.000000,  0.000000, 
v -0.639602, -0.639602, -0.426401,  0.599132,  0.599132,  0.531114,  0.000000,  0.000000, 
v -0.426401, -0.639602, -0.639602,  0.531114,  0.599132,  0.599132,  0.000000,  0.000000, 
v -0.639602, -0.426401, -0.639602,  0.599132,  0.531114,  0.599132,  0.000000,  0.000000, 
v  0.000000,  0.000000, -1.000000, -0.097550,  0.097550,  0.990438,  0.750000,  0.500000, 
v  0.000000, -0.382683, -0.923880, -0.095802,  0.288950,  0.952539,  0.000000,  0.000000, 
v  0.382683,  0.000000, -0.923880, -0.288950,  0.095802,  0.952539,  0.000000,  0.000000, 
v  0.000000, -0.195090, -0.980785, -0.099274,  0.163890,  0.981471,  0.000000,  0.000000, 
v  0.198757, -0.198757, -0.959683, -0.163571,  0.163571,  0.972877,  0.000000,  0.000000, 
v  0.195090,  0.000000, -0.980785, -0.163890,  0.099274,  0.981471,  0.000000,  0.000000, 
v  0.000000, -0.382683, -0.923880, -0.091823,  0.469405,  0.878195,  0.000000,  0.000000, 
v  0.000000, -0.707107, -0.707107, -0.090779,  0.631774,  0.769819,  0.000000,  0.000000, 
v  0.408248, -0.408248, -0.816497, -0.296638,  0.481162,  0.824918,  0.000000,  0.000000, 
v  0.000000, -0.555570, -0.831470, -0.101980,  0.536377,  0.837794,  0.000000,  0.000000, 
v  0.211325, -0.577350, -0.788675, -0.170649,  0.541767,  0.823024,  0.000000,  0.000000, 
v  0.208847, -0.404615, -0.890320, -0.170860,  0.486555,  0.856780,  0.000000,  0.000000, 
v  0.382683,  0.000000, -0.923880, -0.469405,  0.091823,  0.878195,  0.000000,  0.000000, 
v  0.408248, -0.408248, -0.816497, -0.481162,  0.296638,  0.824918,  0.000000,  0.000000, 
v  0.707107,  0.000000, -0.707107, -0.631774,  0.090779,  0.769819,  0.000000,  0.000000, 
v  0.404615, -0.208847, -0.890320, -0.486555,  0.170860,  0.856780,  0.000000,  0.000000, 
v  0.577350, -0.211325, -0.788675, -0.541767,  0.170649,  0.823024,  0.000000,  0.000000, 
v  0.555570,  0.000000, -0.831470, -0.536377,  0.101980,  0.837794,  0.000000,  0.000000, 
v  0.408248, -0.408248, -0.816497, -0.323355,  0.323355,  0.889316,  0.000000,  0.000000, 
v  0.382683,  0.000000, -0.923880, -0.311817,  0.118736,  0.942694,  0.000000,  0.000000, 
v  0.000000, -0.382683, -0.923880, -0.118736,  0.311817,  0.942694,  0.000000,  0.000000, 
v  0.404615, -0.208847, -0.890320, -0.310360,  0.245900,  0.918264,  0.000000,  0.000000, 
v  0.198757, -0.198757, -0.959683, -0.243257,  0.243257,  0.938963,  0.000000,  0.000000, 
v  0.208847, -0.404615, -0.890320, -0.245900,  0.310360,  0.918264,  0.000000,  0.000000, 
v  0.000000, -0.707107, -0.707107, -0.090779,  0.769819,  0.631774,  0.000000,  0.000000, 
v  0.000000, -0.923880, -0.382683, -0.091823,  0.878195,  0.469405,  0.000000,  0.000000, 
v  0.408248, -0.816497, -0.408248, -0.296638,  0.824918,  0.481162,  0.000000,  0.000000, 
v  0.000000, -0.831470, -0.555570, -0.101980,  0.837794,  0.536377,  0.000000,  0.000000, 
v  0.208847, -0.890320, -0.404615, -0.170860,  0.856780,  0.486555,  0.000000,  0.000000, 
v  0.211325, -0.788675, -0.577350, -0.170649,  0.823024,  0.541767,  0.000000,  0.000000, 
v  0.000000, -0.923880, -0.382683, -0.095802,  0.952539,  0.288950,  0.000000,  0.000000, 
v  0.000000, -1.000000,  0.000000, -0.097550,  0.990438,  0.097550,  1.000000, -1.000000, 
v  0.382683, -0.923880,  0.000000, -0.288950,  0.952539,  0.095802,  0.000000,  0.000000, 
v  0.000000, -0.980785, -0.195090, -0.099274,  0.981471,  0.163890,  0.000000,  0.000000, 
v  0.195090, -0.980785,  0.000000, -0.163890,  0.981471,  0.099274,  0.000000,  0.000000, 
v  0.198757, -0.959683, -0.198757, -0.163571,  0.972877,  0.163571,  0.000000,  0.000000, 
v  0.408248, -0.816497, -0.408248, -0.481162,  0.824918,  0.296638,  0.000000,  0.000000, 
v  0.382683, -0.923880,  0.000000, -0.469405,  0.878196,  0.091823,  0.000000,  0.000000, 
v  0.707107, -0.707107,  0.000000, -0.631774,  0.769819,  0.090780,  0.000000,  0.000000, 
v  0.404615, -0.890320, -0.208847, -0.486555,  0.856780,  0.170860,  0.000000,  0.000000, 
v  0.555570, -0.831470,  0.000000, -0.536377,  0.837794,  0.101980,  0.000000,  0.000000, 
v  0.577350, -0.788675, -0.211325, -0.541767,  0.823024,  0.170649,  0.000000,  0.000000, 
v  0.382683, -0.923880,  0.000000, -0.311816,  0.942694,  0.118736,  0.000000,  0.000000, 
v  0.408248, -0.816497, -0.408248, -0.323355,  0.889316,  0.323355,  0.000000,  0.000000, 
v  0.000000, -0.923880, -0.382683, -0.118736,  0.942694,  0.311816,  0.000000,  0.000000, 
v  0.404615, -0.890320, -0.208847, -0.310360,  0.918265,  0.245900,  0.000000,  0.000000, 
v  0.208847, -0.890320, -0.404615, -0.245900,  0.918265,  0.310360,  0.000000,  0.000000, 
v  0.198757, -0.959683, -0.198757, -0.243256,  0.938964,  0.243256,  0.000000,  0.000000, 
v  0.707107,  0.000000, -0.707107, -0.769819,  0.090779,  0.631774,  0.000000,  0.000000, 
v  0.816497, -0.408248, -0.408248, -0.824918,  0.296638,  0.481162,  0.000000,  0.000000, 
v  0.923880,  0.000000, -0.382683, -0.878195,  0.091823,  0.469405,  0.000000,  0.000000, 
v  0.788675, -0.211325, -0.577350, -0.823024,  0.170649,  0.541767,  0.000000,  0.000000, 
v  0.890320, -0.208847, -0.404615, -0.856780,  0.170860,  0.486555,  0.000000,  0.000000, 
v  0.831470,  0.000000, -0.555570, -0.837794,  0.101980,  0.536377,  0.000000,  0.000000, 
v  0.816497, -0.408248, -0.408248, -0.824918,  0.481162,  0.296638,  0.000000,  0.000000, 
v  0.707107, -0.707107,  0.000000, -0.769819,  0.631774,  0.090780,  0.000000,  0.000000, 
v  0.923880, -0.382683,  0.000000, -0.878196,  0.469405,  0.091823,  0.000000,  0.000000, 
v  0.788675, -0.577350, -0.211325, -0.823024,  0.541767,  0.170649,  0.000000,  0.000000, 
v  0.831470, -0.555570,  0.000000, -0.837794,  0.536377,  0.101980,  0.000000,  0.000000, 
v  0.890320, -0.404615, -0.208847, -0.856780,  0.486555,  0.170860,  0.000000,  0.000000, 
v  0.923880,  0.000000, -0.382683, -0.952539,  0.095802,  0.288950,  0.000000,  0.000000, 
v  0.923880, -0.382683,  0.000000, -0.952539,  0.288950,  0.095802,  0.000000,  0.000000, 
v  1.000000,  0.000000,  0.000000, -0.990438,  0.097550,  0.097550,  1.000000,  0.500000, 
v  0.959683, -0.198757, -0.198757, -0.972877,  0.163571,  0.163571,  0.000000,  0.000000, 
v  0.980785, -0.195090,  0.000000, -0.981471,  0.163890,  0.099274,  0.000000,  0.000000, 
v  0.980785,  0.000000, -0.195090, -0.981471,  0.099274,  0.163890,  0.000000,  0.000000, 
v  0.923880, -0.382683,  0.000000, -0.942694,  0.311816,  0.118736,  0.000000,  0.000000, 
v  0.923880,  0.000000, -0.382683, -0.942694,  0.118736,  0.311816,  0.000000,  0.000000, 
v  0.816497, -0.408248, -0.408248, -0.889316,  0.323355,  0.323355,  0.000000,  0.000000, 
v  0.959683, -0.198757, -0.198757, -0.938964,  0.243256,  0.243256,  0.000000,  0.000000, 
v  0.890320, -0.208847, -0.404615, -0.918265,  0.245900,  0.310360,  0.000000,  0.000000, 
v  0.890320, -0.404615, -0.208847, -0.918265,  0.310360,  0.245900,  0.000000,  0.000000, 
v  0.707107, -0.707107,  0.000000, -0.698090,  0.698090,  0.159185,  0.000000,  0.000000, 
v  0.816497, -0.408248, -0.408248, -0.753522,  0.547603,  0.363779,  0.000000,  0.000000, 
v  0.408248, -0.816497, -0.408248, -0.547603,  0.753522,  0.363779,  0.000000,  0.000000, 
v  0.788675, -0.577350, -0.211325, -0.714628,  0.646177,  0.267886,  0.000000,  0.000000, 
v  0.639602, -0.639602, -0.426401, -0.665988,  0.665988,  0.336035,  0.000000,  0.000000, 
v  0.577350, -0.788675, -0.211325, -0.646177,  0.714628,  0.267886,  0.000000,  0.000000, 
v  0.816497, -0.408248, -0.408248, -0.753522,  0.363780,  0.547603,  0.000000,  0.000000, 
v  0.707107,  0.000000, -0.707107, -0.698090,  0.159185,  0.698090,  0.000000,  0.000000, 
v  0.408248, -0.408248, -0.816497, -0.547603,  0.363780,  0.753522,  0.000000,  0.000000, 
v  0.788675, -0.211325, -0.577350, -0.714628,  0.267886,  0.646177,  0.000000,  0.000000, 
v  0.577350, -0.211325, -0.788675, -0.646177,  0.267886,  0.714628,  0.000000,  0.000000, 
v  0.639602, -0.426401, -0.639602, -0.665988,  0.336035,  0.665988,  0.000000,  0.000000, 
v  0.408248, -0.816497, -0.408248, -0.363780,  0.753522,  0.547603,  0.000000,  0.000000, 
v  0.408248, -0.408248, -0.816497, -0.363780,  0.547603,  0.753522,  0.000000,  0.000000, 
v  0.000000, -0.707107, -0.707107, -0.159185,  0.698090,  0.698090,  0.000000,  0.000000, 
v  0.426401, -0.639602, -0.639602, -0.336035,  0.665988,  0.665988,  0.000000,  0.000000, 
v  0.211325, -0.577350, -0.788675, -0.267886,  0.646177,  0.714628,  0.000000,  0.000000, 
v  0.211325, -0.788675, -0.577350, -0.267886,  0.714628,  0.646177,  0.000000,  0.000000, 
v  0.408248, -0.408248, -0.816497, -0.500660,  0.500660,  0.706173,  0.000000,  0.000000, 
v  0.408248, -0.816497, -0.408248, -0.500660,  0.706173,  0.500660,  0.000000,  0.000000, 
v  0.816497, -0.408248, -0.408248, -0.706173,  0.500660,  0.500660,  0.000000,  0.000000, 
v  0.426401, -0.639602, -0.639602, -0.531114,  0.599132,  0.599132,  0.000000,  0.000000, 
v  0.639602, -0.639602, -0.426401, -0.599132,  0.599132,  0.531114,  0.000000,  0.000000, 
v  0.639602, -0.426401, -0.639602, -0.599132,  0.531114,  0.599132,  0.000000,  0.000000, 


f 0, 3, 5, 
f 3, 1, 4, 
f 5, 4, 2, 
f 4, 5, 3, 
f 6, 9, 11, 
f 9, 7, 10, 
f 11, 10, 8, 
f 10, 11, 9, 
f 12, 15, 17, 
f 15, 13, 16, 
f 17, 16, 14, 
f 16, 17, 15, 
f 18, 21, 23, 
f 21, 19, 22, 
f 23, 22, 20, 
f 22, 23, 21, 
f 24, 27, 29, 
f 27, 25, 28, 
f 29, 28, 26, 
f 28, 29, 27, 
f 30, 33, 35, 
f 33, 31, 34, 
f 35, 34, 32, 
f 34, 35, 33, 
f 36, 39, 41, 
f 39, 37, 40, 
f 41, 40, 38, 
f 40, 41, 39, 
f 42, 45, 47, 
f 45, 43, 46, 
f 47, 46, 44, 
f 46, 47, 45, 
f 48, 51, 53, 
f 51, 49, 52, 
f 53, 52, 50, 
f 52, 53, 51, 
f 54, 57, 59, 
f 57, 55, 58, 
f 59, 58, 56, 
f 58, 59, 57, 
f 60, 63, 65, 
f 63, 61, 64, 
f 65, 64, 62, 
f 64, 65, 63, 
f 66, 69, 71, 
f 69, 67, 70, 
f 71, 70, 68, 
f 70, 71, 69, 
f 72, 75, 77, 
f 75, 73, 76, 
f 77, 76, 74, 
f 76, 77, 75, 
f 78, 81, 83, 
f 81, 79, 82, 
f 83, 82, 80, 
f 82, 83, 81, 
f 84, 87, 89, 
f 87, 85, 88, 
f 89, 88, 86, 
f 88, 89, 87, 
f 90, 93, 95, 
f 93, 91, 94, 
f 95, 94, 92, 
f 94, 95, 93, 
f 96, 99, 101, 
f 99, 97, 100, 
f 101, 100, 98, 
f 100, 101, 99, 
f 102, 105, 107, 
f 105, 103, 106, 
f 107, 106, 104, 
f 106, 107, 105, 
f 108, 111, 113, 
f 111, 109, 112, 
f 113, 112, 110, 
f 112, 113, 111, 
f 114, 117, 119, 
f 117, 115, 118, 
f 119, 118, 116, 
f 118, 119, 117, 
f 120, 123, 125, 
f 123, 121, 124, 
f 125, 124, 122, 
f 124, 125, 123, 
f 126, 129, 131, 
f 129, 127, 130, 
f 131, 130, 128, 
f 130, 131, 129, 
f 132, 135, 137, 
f 135, 133, 136, 
f 137, 136, 134, 
f 136, 137, 135, 
f 138, 141, 143, 
f 141, 139, 142, 
f 143, 142, 140, 
f 142, 143, 141, 
f 144, 147, 149, 
f 147, 145, 148, 
f 149, 148, 146, 
f 148, 149, 147, 
f 150, 153, 155, 
f 153, 151, 154, 
f 155, 154, 152, 
f 154, 155, 153, 
f 156, 159, 161, 
f 159, 157, 160, 
f 161, 160, 158, 
f 160, 161, 159, 
f 162, 165, 167, 
f 165, 163, 166, 
f 167, 166, 164, 
f 166, 167, 165, 
f 168, 171, 173, 
f 171, 169, 172, 
f 173, 172, 170, 
f 172, 173, 171, 
f 174, 177, 179, 
f 177, 175, 178, 
f 179, 178, 176, 
f 178, 179, 177, 
f 180, 183, 185, 
f 183, 181, 184, 
f 185, 184, 182, 
f 184, 185, 183, 
f 186, 189, 191, 
f 189, 187, 190, 
f 191, 190, 188, 
f 190, 191, 189, 
f 192, 195, 197, 
f 195, 193, 196, 
f 197, 196, 194, 
f 196, 197, 195, 
f 198, 201, 203, 
f 201, 199, 202, 
f 203, 202, 200, 
f 202, 203, 201, 
f 204, 207, 209, 
f 207, 205, 208, 
f 209, 208, 206, 
f 208, 209, 207, 
f 210, 213, 215, 
f 213, 211, 214, 
f 215, 214, 212, 
f 214, 215, 213, 
f 216, 219, 221, 
f 219, 217, 220, 
f 221, 220, 218, 
f 220, 221, 219, 
f 222, 225, 227, 
f 225, 223, 226, 
f 227, 226, 224, 
f 226, 227, 225, 
f 228, 231, 233, 
f 231, 229, 232, 
f 233, 232, 230, 
f 232, 233, 231, 
f 234, 237, 239, 
f 237, 235, 238, 
f 239, 238, 236, 
f 238, 239, 237, 
f 240, 243, 245, 
f 243, 241, 244, 
f 245, 244, 242, 
f 244, 245, 243, 
f 246, 249, 251, 
f 249, 247, 250, 
f 251, 250, 248, 
f 250, 251, 249, 
f 252, 255, 257, 
f 255, 253, 256, 
f 257, 256, 254, 
f 256, 257, 255, 
f 258, 261, 263, 
f 261, 259, 262, 
f 263, 262, 260, 
f 262, 263, 261, 
f 264, 267, 269, 
f 267, 265, 268, 
f 269, 268, 266, 
f 268, 269, 267, 
f 270, 273, 275, 
f 273, 271, 274, 
f 275, 274, 272, 
f 274, 275, 273, 
f 276, 279, 281, 
f 279, 277, 280, 
f 281, 280, 278, 
f 280, 281, 279, 
f 282, 285, 287, 
f 285, 283, 286, 
f 287, 286, 284, 
f 286, 287, 285, 
f 288, 291, 293, 
f 291, 289, 292, 
f 293, 292, 290, 
f 292, 293, 291, 
f 294, 297, 299, 
f 297, 295, 298, 
f 299, 298, 296, 
f 298, 299, 297, 
f 300, 303, 305, 
f 303, 301, 304, 
f 305, 304, 302, 
f 304, 305, 303, 
f 306, 309, 311, 
f 309, 307, 310, 
f 311, 310, 308, 
f 310, 311, 309, 
f 312, 315, 317, 
f 315, 313, 316, 
f 317, 316, 314, 
f 316, 317, 315, 
f 318, 321, 323, 
f 321, 319, 322, 
f 323, 322, 320, 
f 322, 323, 321, 
f 324, 327, 329, 
f 327, 325, 328, 
f 329, 328, 326, 
f 328, 329, 327, 
f 330, 333, 335, 
f 333, 331, 334, 
f 335, 334, 332, 
f 334, 335, 333, 
f 336, 339, 341, 
f 339, 337, 340, 
f 341, 340, 338, 
f 340, 341, 339, 
f 342, 345, 347, 
f 345, 343, 346, 
f 347, 346, 344, 
f 346, 347, 345, 
f 348, 351, 353, 
f 351, 349, 352, 
f 353, 352, 350, 
f 352, 353, 351, 
f 354, 357, 359, 
f 357, 355, 358, 
f 359, 358, 356, 
f 358, 359, 357, 
f 360, 363, 365, 
f 363, 361, 364, 
f 365, 364, 362, 
f 364, 365, 363, 
f 366, 369, 371, 
f 369, 367, 370, 
f 371, 370, 368, 
f 370, 371, 369, 
f 372, 375, 377, 
f 375, 373, 376, 
f 377, 376, 374, 
f 376, 377, 375, 
f 378, 381, 383, 
f 381, 379, 382, 
f 383, 382, 380, 
f 382, 383, 381, 
f 384, 387, 389, 
f 387, 385, 388, 
f 389, 388, 386, 
f 388, 389, 387, 
f 390, 393, 395, 
f 393, 391, 394, 
f 395, 394, 392, 
f 394, 395, 393, 
f 396, 399, 401, 
f 399, 397, 400, 
f 401, 400, 398, 
f 400, 401, 399, 
f 402, 405, 407, 
f 405, 403, 406, 
f 407, 406, 404, 
f 406, 407, 405, 
f 408, 411, 413, 
f 411, 409, 412, 
f 413, 412, 410, 
f 412, 413, 411, 
f 414, 417, 419, 
f 417, 415, 418, 
f 419, 418, 416, 
f 418, 419, 417, 
f 420, 423, 425, 
f 423, 421, 424, 
f 425, 424, 422, 
f 424, 425, 423, 
f 426, 429, 431, 
f 429, 427, 430, 
f 431, 430, 428, 
f 430, 431, 429, 
f 432, 435, 437, 
f 435, 433, 436, 
f 437, 436, 434, 
f 436, 437, 435, 
f 438, 441, 443, 
f 441, 439, 442, 
f 443, 442, 440, 
f 442, 443, 441, 
f 444, 447, 449, 
f 447, 445, 448, 
f 449, 448, 446, 
f 448, 449, 447, 
f 450, 453, 455, 
f 453, 451, 454, 
f 455, 454, 452, 
f 454, 455, 453, 
f 456, 459, 461, 
f 459, 457, 460, 
f 461, 460, 458, 
f 460, 461, 459, 
f 462, 465, 467, 
f 465, 463, 466, 
f 467, 466, 464, 
f 466, 467, 465, 
f 468, 471, 473, 
f 471, 469, 472, 
f 473, 472, 470, 
f 472, 473, 471, 
f 474, 477, 479, 
f 477, 475, 478, 
f 479, 478, 476, 
f 478, 479, 477, 
f 480, 483, 485, 
f 483, 481, 484, 
f 485, 484, 482, 
f 484, 485, 483, 
f 486, 489, 491, 
f 489, 487, 490, 
f 491, 490, 488, 
f 490, 491, 489, 
f 492, 495, 497, 
f 495, 493, 496, 
f 497, 496, 494, 
f 496, 497, 495, 
f 498, 501, 503, 
f 501, 499, 502, 
f 503, 502, 500, 
f 502, 503, 501, 
f 504, 507, 509, 
f 507, 505, 508, 
f 509, 508, 506, 
f 508, 509, 507, 
f 510, 513, 515, 
f 513, 511, 514, 
f 515, 514, 512, 
f 514, 515, 513, 
f 516, 519, 521, 
f 519, 517, 520, 
f 521, 520, 518, 
f 520, 521, 519, 
f 522, 525, 527, 
f 525, 523, 526, 
f 527, 526, 524, 
f 526, 527, 525, 
f 528, 531, 533, 
f 531, 529, 532, 
f 533, 532, 530, 
f 532, 533, 531, 
f 534, 537, 539, 
f 537, 535, 538, 
f 539, 538, 536, 
f 538, 539, 537, 
f 540, 543, 545, 
f 543, 541, 544, 
f 545, 544, 542, 
f 544, 545, 543, 
f 546, 549, 551, 
f 549, 547, 550, 
f 551, 550, 548, 
f 550, 551, 549, 
f 552, 555, 557, 
f 555, 553, 556, 
f 557, 556, 554, 
f 556, 557, 555, 
f 558, 561, 563, 
f 561, 559, 562, 
f 563, 562, 560, 
f 562, 563, 561, 
f 564, 567, 569, 
f 567, 565, 568, 
f 569, 568, 566, 
f 568, 569, 567, 
f 570, 573, 575, 
f 573, 571, 574, 
f 575, 574, 572, 
f 574, 575, 573, 
f 576, 579, 581, 
f 579, 577, 580, 
f 581, 580, 578, 
f 580, 581, 579, 
f 582, 585, 587, 
f 585, 583, 586, 
f 587, 586, 584, 
f 586, 587, 585, 
f 588, 591, 593, 
f 591, 589, 592, 
f 593, 592, 590, 
f 592, 593, 591, 
f 594, 597, 599, 
f 597, 595, 598, 
f 599, 598, 596, 
f 598, 599, 597, 
f 600, 603, 605, 
f 603, 601, 604, 
f 605, 604, 602, 
f 604, 605, 603, 
f 606, 609, 611, 
f 609, 607, 610, 
f 611, 610, 608, 
f 610, 611, 609, 
f 612, 615, 617, 
f 615, 613, 616, 
f 617, 616, 614, 
f 616, 617, 615, 
f 618, 621, 623, 
f 621, 619, 622, 
f 623, 622, 620, 
f 622, 623, 621, 
f 624, 627, 629, 
f 627, 625, 628, 
f 629, 628, 626, 
f 628, 629, 627, 
f 630, 633, 635, 
f 633, 631, 634, 
f 635, 634, 632, 
f 634, 635, 633, 
f 636, 639, 641, 
f 639, 637, 640, 
f 641, 640, 638, 
f 640, 641, 639, 
f 642, 645, 647, 
f 645, 643, 646, 
f 647, 646, 644, 
f 646, 647, 645, 
f 648, 651, 653, 
f 651, 649, 652, 
f 653, 652, 650, 
f 652, 653, 651, 
f 654, 657, 659, 
f 657, 655, 658, 
f 659, 658, 656, 
f 658, 659, 657, 
f 660, 663, 665, 
f 663, 661, 664, 
f 665, 664, 662, 
f 664, 665, 663, 
f 666, 669, 671, 
f 669, 667, 670, 
f 671, 670, 668, 
f 670, 671, 669, 
f 672, 675, 677, 
f 675, 673, 676, 
f 677, 676, 674, 
f 676, 677, 675, 
f 678, 681, 683, 
f 681, 679, 682, 
f 683, 682, 680, 
f 682, 683, 681, 
f 684, 687, 689, 
f 687, 685, 688, 
f 689, 688, 686, 
f 688, 689, 687, 
f 690, 693, 695, 
f 693, 691, 694, 
f 695, 694, 692, 
f 694, 695, 693, 
f 696, 699, 701, 
f 699, 697, 700, 
f 701, 700, 698, 
f 700, 701, 699, 
f 702, 705, 707, 
f 705, 703, 706, 
f 707, 706, 704, 
f 706, 707, 705, 
f 708, 711, 713, 
f 711, 709, 712, 
f 713, 712, 710, 
f 712, 713, 711, 
f 714, 717, 719, 
f 717, 715, 718, 
f 719, 718, 716, 
f 718, 719, 717, 
f 720, 723, 725, 
f 723, 721, 724, 
f 725, 724, 722, 
f 724, 725, 723, 
f 726, 729, 731, 
f 729, 727, 730, 
f 731, 730, 728, 
f 730, 731, 729, 
f 732, 735, 737, 
f 735, 733, 736, 
f 737, 736, 734, 
f 736, 737, 735, 
f 738, 741, 743, 
f 741, 739, 742, 
f 743, 742, 740, 
f 742, 743, 741, 
f 744, 747, 749, 
f 747, 745, 748, 
f 749, 748, 746, 
f 748, 749, 747, 
f 750, 753, 755, 
f 753, 751, 754, 
f 755, 754, 752, 
f 754, 755, 753, 
f 756, 759, 761, 
f 759, 757, 760, 
f 761, 760, 758, 
f 760, 761, 759, 
f 762, 765, 767, 
f 765, 763, 766, 
f 767, 766, 764, 
f 766, 767, 765, 
